6.519170462213265940e-06
6.924279479945596796e-06
7.297197615601752236e-06
7.507020004691699399e-06
7.511391632058482457e-06
7.381505827013281090e-06
7.265337278597264576e-06
7.308067218357652726e-06
7.572498470766379827e-06
8.003094361916710575e-06
8.454203104854311206e-06
8.768236010907867002e-06
8.861904455373743525e-06
8.773392806087130139e-06
8.643852157025497739e-06
8.642095147677661185e-06
8.872682870555241631e-06
9.317473443190515983e-06
9.843319854541802586e-06
1.027296790948130116e-05
1.048150082668012232e-05
1.046594962692127989e-05
1.034939519542208923e-05
1.031605931755364182e-05
1.051164723067947023e-05
1.096290915693281734e-05
1.156088474304880006e-05
1.211823368645577899e-05
1.247064111563907179e-05
1.256755168864029745e-05
1.250229099753385266e-05
1.246390683660047015e-05
1.263563809357572977e-05
1.309465252246467095e-05
1.376804175808861765e-05
1.447027170014435434e-05
1.500311462847726463e-05
1.526447615517145231e-05
1.530663232705674885e-05
1.531099062871470683e-05
1.549162245753039221e-05
1.597909569575736623e-05
1.674791935596231095e-05
1.762821350987187286e-05
1.839682171531695961e-05
1.889944198142124937e-05
1.913742310416750912e-05
1.927097601862643068e-05
1.953544973809898087e-05
2.011491717401626741e-05
2.104156736726466492e-05
2.217656586329455479e-05
2.328444954577268023e-05
2.416207575423632580e-05
2.475248917441823658e-05
2.518100157782141875e-05
2.569222121831639809e-05
2.652066492523252978e-05
2.776462890127137561e-05
2.933255105298994102e-05
3.099268845504294447e-05
3.250088321385845769e-05
3.373788752712988606e-05
3.478115198452521662e-05
3.587046216248827260e-05
3.728422849222708953e-05
3.919255639412329306e-05
4.156724750699994532e-05
4.419923188026882610e-05
4.681601128226112966e-05
4.923671140652576434e-05
5.148050112772888781e-05
5.376806457938591730e-05
5.641328403780318241e-05
5.966245287169084422e-05
6.356825150457764712e-05
6.796838607584881854e-05
7.258278243267665024e-05
7.717849679836339175e-05
8.171337550598228774e-05
8.637940815531913415e-05
9.152019019279599246e-05
9.746548259334395165e-05
1.043722187017536433e-04
1.121595860377302197e-04
1.205759822469170664e-04
1.293640726791033262e-04
1.384356831796117442e-04
1.479610842618573404e-04
1.583222596403073481e-04
1.699533596420284829e-04
1.831539208915482111e-04
1.979771359633231522e-04
2.142563801982865261e-04
2.317586381583023648e-04
2.503835949796099779e-04
2.703004006249301594e-04
2.919460490752759201e-04
3.158836356190141120e-04
3.425955675764713994e-04
3.723240163375005746e-04
4.050472727776329601e-04
4.406079058406845036e-04
4.789256374967356300e-04
5.201799787908128938e-04
5.648619466384523571e-04
6.136640865708034619e-04
6.672663699149943787e-04
7.261341974518754037e-04
7.904408585588438120e-04
8.601611199348799730e-04
9.352898462856474183e-04
1.016070022212201040e-03
1.103106944252061055e-03
1.197305247344482857e-03
1.299661471657896899e-03
1.411025192541780042e-03
1.531961945557009513e-03
1.662798900459127888e-03
1.803836586758690314e-03
1.955619536558721953e-03
2.119125237855328230e-03
2.295773818471890607e-03
2.487258335143698821e-03
2.695294952201023313e-03
2.921438950693816365e-03
3.167079498299462618e-03
3.433629760976282096e-03
3.722820850295380062e-03
4.036947596704055889e-03
4.378935799646394705e-03
4.752194627935669990e-03
5.160334321596608646e-03
5.606904705372863645e-03
6.095301633796576003e-03
6.628898636468876990e-03
7.211336832338298593e-03
7.846814859826863053e-03
8.540213096697259199e-03
9.296969181879406047e-03
1.012275197687655288e-02
1.102308889856056830e-02
1.200312798566307605e-02
1.306764538593019852e-02
1.422127831541049499e-02
1.546884373075074759e-02
1.681556017042325213e-02
1.826704943715329321e-02
1.982912492640802674e-02
2.150750304004748342e-02
2.330762998874712916e-02
2.523476391019508630e-02
2.729431643654278011e-02
2.949231118483554293e-02
3.183574112674428941e-02
3.433264909308420681e-02
3.699190014650112490e-02
3.982278938337916602e-02
4.283474272286101614e-02
4.603735922416845455e-02
4.944091215172587150e-02
5.305723671610205333e-02
5.690077965232870350e-02
6.098954412369136241e-02
6.534574778890542279e-02
6.999617000497367070e-02
7.497230582211140970e-02
8.031049168017356799e-02
8.605209854293942306e-02
9.224374924983599899e-02
9.893739718123256699e-02
1.061900830902086645e-01
1.140632893886608379e-01
1.226219853651571434e-01
1.319336025254851386e-01
1.420672019449051304e-01
1.530929620197449548e-01
1.650818784648705462e-01
1.781053467882190988e-01
1.922342146278026576e-01
2.075370108787662760e-01
2.240773461621162477e-01
2.419108150136450308e-01
2.610819664438169818e-01
2.816219441591312211e-01
3.035472247647540978e-01
3.268595916369127496e-01
3.515472085673044811e-01
3.775865058303139454e-01
4.049445814847874581e-01
4.335818813717088327e-01
4.634549415461887145e-01
4.945188856663514931e-01
5.267291978970821686e-01
5.600421765169325550e-01
5.944135948929917257e-01
6.297955725508369573e-01
6.661324510604923477e-01
7.033573534687668216e-01
7.413917343891287537e-01
7.801502629458731963e-01
8.195526449566035154e-01
8.595425649545785918e-01
9.001121514632804965e-01
9.413287320408585401e-01
9.833596264393914543e-01
1.026490631467875447e+00
1.071134718612605674e+00
1.117829073316430888e+00
1.167220559029268800e+00
1.220041549251482005e+00
1.277079461102563540e+00
1.339143997995806634e+00
1.407035966106094715e+00
1.481520605433520377e+00
1.563306834029118964e+00
1.653031929562470470e+00
1.751249363400816383e+00
1.858416218851714374e+00
1.974876289209306135e+00
2.100835810095523559e+00
2.236330783968303759e+00
2.381187607202335688e+00
2.534981541013352491e+00
2.696999709304546133e+00
2.866216122192374538e+00
3.041285392067957449e+00
3.220559393882407306e+00
3.402127510697839252e+00
3.583876866780578485e+00
3.763564696943813903e+00
3.938891346216066403e+00
4.107560004911743334e+00
4.267308953894762169e+00
4.415904706982068717e+00
4.551090716045863793e+00
4.670496352684737396e+00
4.771523664771381235e+00
4.851242458231846300e+00
4.906333868245607910e+00
4.933124644584523821e+00
4.927745693362980184e+00
4.886428170886397915e+00
4.805921152309413635e+00
4.683982520706190478e+00
4.519867376757626509e+00
4.314724136170577928e+00
4.071813238515620270e+00
3.796488136303085792e+00
3.495918665172864426e+00
3.178584145521054172e+00
2.853606522355355501e+00
2.530022285446519081e+00
2.216099394690734581e+00
1.918791086231362186e+00
1.643386963561316749e+00
1.393381846161297455e+00
1.170544359281177060e+00
9.751385020111617008e-01
8.062370604051094514e-01
6.620659975265635877e-01
5.403304399302957250e-01
4.384901858287831300e-01
3.539703422353320805e-01
2.843068150040827247e-01
2.272351813644867546e-01
1.807352301440381115e-01
1.430436379362963750e-01
1.126456094149696635e-01
8.825416556631046627e-02
6.878374224943889503e-02
5.332294299790815012e-02
4.110955003655535067e-02
3.150921041863987554e-02
2.399775966367630881e-02
1.814620708105633973e-02
1.360717178974745964e-02
1.010196294146172187e-02
7.408224035305980074e-03
5.348683570214889105e-03
3.781748613740691656e-03
2.594376096855600597e-03
1.697061494414713089e-03
1.020242363838229274e-03
5.112201718763870932e-04
1.309466851924302494e-04
-1.494521607800151474e-04
-3.520300505537017166e-04
-4.946442333248759430e-04
-5.924122476856026652e-04
-6.580117506241670022e-04
-7.012980171129309112e-04
-7.289355998478710269e-04
-7.446036501769486698e-04
-7.499213765673266559e-04
-7.457806175288952391e-04
-7.335131032300363715e-04
-7.153905905893188704e-04
-6.943042837527966214e-04
-6.728960310154702244e-04
-6.526834950429039528e-04
-6.336934348006579946e-04
-6.148156555414330954e-04
-5.946861250948067782e-04
-5.726219764310582329e-04
-5.491135597046209200e-04
-5.256300676267913405e-04
-5.038713657907748682e-04
-4.848926173365276059e-04
-4.685837725536347895e-04
-4.537798634806687148e-04
-4.389288590391605483e-04
-4.229438950397417635e-04
-4.057763925393030363e-04
-3.884089452524532677e-04
-3.722876075495808569e-04
-3.585152235378624339e-04
-3.472483049135231207e-04
-3.376190732175750092e-04
-3.282128219849574568e-04
-3.178300633834407057e-04
-3.061153684498931328e-04
-2.937163245233022921e-04
-2.818973076831418514e-04
-2.718287688963780995e-04
-2.639430471261511703e-04
-2.577033086253483363e-04
-2.519017429332722608e-04
-2.453149449445217760e-04
-2.373551381810403880e-04
-2.283655389785598487e-04
-2.194073895212688319e-04
-2.116636643455160546e-04
-2.057889431223807180e-04
-2.015576050079455383e-04
-1.979946893918343108e-04
-1.939096952883500094e-04
-1.885375407195434821e-04
-1.819385069745442193e-04
-1.749454607498422232e-04
-1.686948836452538327e-04
-1.640022968262171491e-04
-1.609221090722438602e-04
-1.587264467113398594e-04
-1.563072854089601167e-04
-1.527775751391457452e-04
-1.479433580759767367e-04
-1.423939618533801639e-04
-1.371677109422361762e-04
-1.331804963951131336e-04
-1.307296055836319347e-04
-1.293396413928794169e-04
-1.280284655000910846e-04
-1.258430789604481190e-04
-1.223718730026673873e-04
-1.179568778779645162e-04
-1.134957814062983333e-04
-1.099466658977311419e-04
-1.078073138198216573e-04
-1.068507360870588817e-04
-1.062561631493567568e-04
-1.050591773348648491e-04
-1.026733622323482132e-04
-9.920065145096722552e-05
-9.536557300108277236e-05
-9.211397742348805711e-05
-9.009752471086613452e-05
-8.932396868066749720e-05
-8.916002463415290591e-05
-8.868070416670245757e-05
-8.717191607340579469e-05
-8.451280808706230542e-05
-8.123275927145031598e-05
-7.821627544503357383e-05
-7.621959478081095744e-05
-7.546251997660474600e-05
-7.551513515733544886e-05
-7.553708763433340269e-05
-7.473593273028306019e-05
-7.279426120963551324e-05
-7.003513856732749632e-05
-6.723946971814308185e-05
-6.521798119887980494e-05
-6.437193307227253366e-05
-6.448010882679816504e-05
-6.482468588461170816e-05
-6.458420649170013949e-05
-6.327831895124344074e-05
-6.102333817848384814e-05
-5.846252695736853895e-05
-5.641225645225809207e-05
-5.541831847651504075e-05
-5.546316742056298246e-05
-5.598077253691682566e-05
-5.616787470398740912e-05
-5.542035299746175423e-05
-5.365753530982364728e-05
-5.136025968059215020e-05
-4.930496940327556250e-05
-4.814060603721921817e-05
-4.803858745107222628e-05
-4.860439168971983386e-05
-4.909601712088293695e-05
-4.882826217733304662e-05
-4.754247625204988847e-05
-4.554219387200313969e-05
-4.352351149295188534e-05
-4.219475905722507069e-05
-4.189305338853779257e-05
-4.240509384072193428e-05
-4.308724221477909305e-05
-4.321725702924280905e-05
-4.238541380999545383e-05
-4.071316610812315476e-05
-3.878262676402050116e-05
-3.731753391437057579e-05
-3.679038379964326937e-05
-3.716881993798931119e-05
-3.793723489017761355e-05
-3.837956323673149189e-05
-3.796812706563040357e-05
-3.664735430072400970e-05
-3.485980435593761568e-05
-3.330255361595822576e-05
-3.254790625540269729e-05
-3.273466996191907389e-05
-3.349639913739605287e-05
-3.416351313509790753e-05
-3.412778736469876991e-05
-3.317078842033093666e-05
-3.157889257754058047e-05
-2.998434207211920585e-05
-2.902043572858248424e-05
-2.897879398500967984e-05
-2.965407115540041370e-05
-3.045868809252278860e-05
-3.074348490305209893e-05
-3.014929795744912780e-05
-2.879904879651586962e-05
-2.722761527197599204e-05
-2.608934912180567065e-05
-2.580308560168060716e-05
-2.632713714382954050e-05
-2.718505663982939086e-05
-2.772643643162097415e-05
-2.747998068112625367e-05
-2.640718781566369323e-05
-2.492009855446447063e-05
-2.365515513164168684e-05
-2.312720979539683187e-05
-2.345169821759728789e-05
-2.428482295398434686e-05
-2.501262510573354402e-05
-2.508496382073582007e-05
-2.431272967749387965e-05
-2.296772882943904999e-05
-2.163250561814364221e-05
-2.088301123928999910e-05
-2.097691548474468735e-05
-2.171617305883959432e-05
-2.255707773450183685e-05
-2.290665915190773233e-05
-2.244384803244603560e-05
-2.129146795590921797e-05
-1.994693188582549620e-05
-1.901066404709707725e-05
-1.886047038681824402e-05
-1.944840136273012088e-05
-2.032927359375234709e-05
-2.090399096627126711e-05
-2.074467913507373591e-05
-1.982518882410612524e-05
-1.853280168940383177e-05
-1.745611955119835809e-05
-1.706526279780769880e-05
-1.745808641422002256e-05
-1.830936590612630805e-05
-1.904925954699849375e-05
-1.917312443591884873e-05
-1.851425156894383398e-05
-1.733212991793191458e-05
-1.616953131761239120e-05
-1.555708560757715266e-05
-1.572610231612230183e-05
-1.648501931627497814e-05
-1.732542695521094658e-05
-1.769899911764898177e-05
-1.731449447692012751e-05
-1.629396727898561883e-05
-1.510441453714810569e-05
-1.430308604776890285e-05
-1.423532541087663882e-05
-1.484874642398844867e-05
-1.572369746576544200e-05
-1.630236395147826971e-05
-1.619144099585794554e-05
-1.537415476258944443e-05
-1.421734733378235085e-05
-1.327086716368448379e-05
-1.296893995302906172e-05
