-3.685847943629448702e-06
-3.747070109628524679e-06
-3.809808897046468561e-06
-3.874181233896144876e-06
-3.940015936970929906e-06
-4.006954554175604355e-06
-4.074657133622760184e-06
-4.143002077062055954e-06
-4.212170367241460147e-06
-4.282565783192252287e-06
-4.354611756706741069e-06
-4.428533949406238109e-06
-4.504247526529503836e-06
-4.581412939931803490e-06
-4.659632821905281476e-06
-4.738684684032906353e-06
-4.818662495987997152e-06
-4.899947798294340818e-06
-4.983022997791813884e-06
-5.068226281514453895e-06
-5.155581467258910054e-06
-5.244797519374969793e-06
-5.335441183937774508e-06
-5.427191328219698523e-06
-5.520037051084967911e-06
-5.614309888551705648e-06
-5.710529371240522341e-06
-5.809143162754148663e-06
-5.910302331801325424e-06
-6.013795667911062262e-06
-6.119182039936536765e-06
-6.226051918128995341e-06
-6.334277067107484664e-06
-6.444111281448195208e-06
-6.556084172829198219e-06
-6.670742431188271502e-06
-6.788377642965051833e-06
-6.908889698168068850e-06
-7.031863239973440458e-06
-7.156819205292053492e-06
-7.283506787118864949e-06
-7.412076476717303443e-06
-7.543037107017915236e-06
-7.677016480017691131e-06
-7.814453239594345855e-06
-7.955387733299744171e-06
-8.099468431183421237e-06
-8.246174413538264202e-06
-8.395135945160165188e-06
-8.546379174209441684e-06
-8.700359368060579530e-06
-8.857760575239773801e-06
-9.019167289671079860e-06
-9.184785874699143463e-06
-9.354369509719326635e-06
-9.527391658733074466e-06
-9.703377578941528692e-06
-9.882215018362250651e-06
-1.006427333338644446e-05
-1.025026216790618424e-05
-1.044090240980293134e-05
-1.063658648634946488e-05
-1.083721420969490706e-05
-1.104229757142039421e-05
-1.125128208912468568e-05
-1.146391252535285112e-05
-1.168044323508720991e-05
-1.190157489123323071e-05
-1.212814724143227959e-05
-1.236075196625639340e-05
-1.259947663828544628e-05
-1.284392282491124288e-05
-1.309349366060187997e-05
-1.334779826361819056e-05
-1.360695337466693677e-05
-1.387161484469266410e-05
-1.414271667039268939e-05
-1.442105536266804594e-05
-1.470694492489882951e-05
-1.500013327188660448e-05
-1.530003106618232033e-05
-1.560613346015894595e-05
-1.591840707352705318e-05
-1.623742925685809011e-05
-1.656419859272601028e-05
-1.689971449882272567e-05
-1.724455244594804692e-05
-1.759866808355588412e-05
-1.796154241415508476e-05
-1.833259509179874160e-05
-1.871164430336130191e-05
-1.909916181591017343e-05
-1.949617936055438421e-05
-1.990389118804343832e-05
-2.032316535508051078e-05
-2.075423061215139945e-05
-2.119671456753088369e-05
-2.165001934928989196e-05
-2.211383535456425868e-05
-2.258851390033568492e-05
-2.307509157326025106e-05
-2.357494631105961860e-05
-2.408926718389526044e-05
-2.461862584484141226e-05
-2.516288754996274838e-05
-2.572151785849604484e-05
-2.629412485300618483e-05
-2.688094408112598908e-05
-2.748299899528456239e-05
-2.810184261376431290e-05
-2.873901440923137013e-05
-2.939550572706770858e-05
-3.007152838207713657e-05
-3.076672050200725543e-05
-3.148068608060665039e-05
-3.221357912596451448e-05
-3.296641280220802755e-05
-3.374091858853022489e-05
-3.453902433436890695e-05
-3.536223118772351072e-05
-3.621123092839267623e-05
-3.708598025221152982e-05
-3.798620180872075430e-05
-3.891204642153969724e-05
-3.986455663545977437e-05
-4.084567342906376058e-05
-4.185777386445067931e-05
-4.290298542417078084e-05
-4.398265110618077142e-05
-4.509724457569133600e-05
-4.624679352218354013e-05
-4.743159093613218136e-05
-4.865281073302405080e-05
-4.991268847992519640e-05
-5.121416010879757273e-05
-5.256014780692692013e-05
-5.395288102650849012e-05
-5.539363007793045968e-05
-5.688301112259079465e-05
-5.842171026642122760e-05
-6.001124019343347359e-05
-6.165431620001232996e-05
-6.335463904540764555e-05
-6.511619443229715799e-05
-6.694244829944405917e-05
-6.883588371391130740e-05
-7.079814748087239916e-05
-7.283074487903931453e-05
-7.493591739156787665e-05
-7.711722900973362171e-05
-7.937953660446790498e-05
-8.172835251931934609e-05
-8.416894380194829463e-05
-8.670566685360147697e-05
-8.934191904777784667e-05
-9.208075808881078736e-05
-9.492587290385793674e-05
-9.788238847945628150e-05
-1.009570666841093817e-04
-1.041577888784667817e-04
-1.074926012864681869e-04
-1.109688541081007044e-04
-1.145929282253830347e-04
-1.183707321779941439e-04
-1.223087318116481000e-04
-1.264149752469726558e-04
-1.306995656231017041e-04
-1.351743267676188266e-04
-1.398518486048181699e-04
-1.447444491645251353e-04
-1.498636520748782767e-04
-1.552205101014654022e-04
-1.608266460973789482e-04
-1.666954817617063089e-04
-1.728430056436912961e-04
-1.792876686027795657e-04
-1.860494659497179712e-04
-1.931487157705378936e-04
-2.006052215409988109e-04
-2.084383065405819794e-04
-2.166677275162717309e-04
-2.253149733654526696e-04
-2.344042087468144718e-04
-2.439622760277782639e-04
-2.540176475630833873e-04
-2.645987665165270663e-04
-2.757325250877177680e-04
-2.874435224538036005e-04
-2.997542657855182722e-04
-3.126858798285154823e-04
-3.262585013005498509e-04
-3.404905749245640528e-04
-3.553967259149302276e-04
-3.709845116464974518e-04
-3.872507997264666973e-04
-4.041785138344084448e-04
-4.217340020756987144e-04
-4.398645437690155350e-04
-4.584948847609772015e-04
-4.775214763907317242e-04
-4.968033449699222909e-04
-5.161490042670243772e-04
-5.352991335916933028e-04
-5.539045062289630738e-04
-5.714977306313151267e-04
-5.874559307725229313e-04
-6.009499190681340253e-04
-6.108740631576276394e-04
-6.157500287568036653e-04
-6.135966596879289560e-04
-6.017569372202610919e-04
-5.766707214186618351e-04
-5.335785255517739136e-04
-4.661369886557562448e-04
-3.659213794227236631e-04
-2.217848584482096693e-04
-1.903863574574050552e-05
2.615884481021249486e-04
6.452582927309888708e-04
1.164653662442461865e-03
1.861990614499746226e-03
2.791479938112996061e-03
4.022308171008659103e-03
5.642207965343421297e-03
7.761679343875603834e-03
1.051890467819240407e-02
1.408536771254795435e-02
1.867213690194815742e-02
2.453670148363837691e-02
3.199015060305025748e-02
4.140435772203926446e-02
5.321867303018095602e-02
6.794543875930479648e-02
8.617343620744521981e-02
1.085681680648234865e-01
1.358677049423223648e-01
1.688727209242165683e-01
2.084293579285224629e-01
2.554037445419025665e-01
3.106473989844164008e-01
3.749533990508556736e-01
4.490041057148045356e-01
5.333123400283665827e-01
6.281591411251824519e-01
7.335324293597661471e-01
8.490718736877297390e-01
9.740258102044603294e-01
1.107225993352772164e+00
1.247085159700102253e+00
1.391620825470584855e+00
1.538506528889580061e+00
1.685149099972795383e+00
1.828787827042738012e+00
1.966608972089737284e+00
2.095867326746025494e+00
2.214005668188462117e+00
2.318763197454358771e+00
2.408265280400567310e+00
2.481088863270679123e+00
2.536300481948809971e+00
2.573466453276181287e+00
2.592637270531010341e+00
2.594310141588594298e+00
2.579374840462162588e+00
2.549048549967653621e+00
2.504805225514540545e+00
2.448304356016925976e+00
2.381323023521853877e+00
2.305694053460931592e+00
2.223251958622673996e+00
2.135787424191337713e+00
2.045010323699059107e+00
1.952520720259111497e+00
1.859786986096023664e+00
1.768130037051310444e+00
1.678712686222573192e+00
1.592533226213816322e+00
1.510422507725829533e+00
1.433043954328943936e+00
1.360896109746225768e+00
1.294317437146223604e+00
1.233493174052985086e+00
1.178464095509996756e+00
1.129137061684102550e+00
1.085297234461165994e+00
1.046621847508848901e+00
1.012695406667732945e+00
9.830261778081457180e-01
9.570637801885033547e-01
9.342176390893228710e-01
9.138759618707666954e-01
8.954247945537736619e-01
8.782666077399731153e-01
8.618377730303569129e-01
8.456242470268932054e-01
8.291747981009902624e-01
8.121112007949752298e-01
7.941349812486591109e-01
7.750305092408064089e-01
7.546644731894025515e-01
7.329820133864061171e-01
7.099999959638356728e-01
6.857980616722614275e-01
6.605081654871842733e-01
6.343033328714978714e-01
6.073863044104483855e-01
5.799786384591680832e-01
5.523107111135596714e-01
5.246129136794420722e-01
4.971082159557229097e-01
4.700061501279200193e-01
4.434981807260955367e-01
4.177543624056282989e-01
3.929211476908356371e-01
3.691201879439078293e-01
3.464479684863501774e-01
3.249761284622182389e-01
3.047523330929032270e-01
2.858015860623826510e-01
2.681278891383819807e-01
2.517161720938828062e-01
2.365344272673577386e-01
2.225359898668730352e-01
2.096619086924570163e-01
1.978433541463387180e-01
1.870040128626333231e-01
1.770624219527638654e-01
1.679342007915509971e-01
1.595341438502538844e-01
1.517781434763518511e-01
1.445849161180733367e-01
1.378775092035113836e-01
1.315845691437030618e-01
1.256413544710528463e-01
1.199904826606603553e-01
1.145824051337666211e-01
1.093756123249392254e-01
1.043365791590349645e-01
9.943947024771654375e-02
9.466563289105685286e-02
9.000291383992090055e-02
8.544484201813855317e-02
8.098972332598781965e-02
7.663969466758460691e-02
7.239978214645359511e-02
6.827700306012191023e-02
6.427954350593362287e-02
6.041603413609579476e-02
5.669493713532663959e-02
5.312404900422000587e-02
4.971011699408021262e-02
4.645856230359814154e-02
4.337330018832084161e-02
4.045664546287631308e-02
3.770929101096933550e-02
3.513034657573810976e-02
3.271742524019724541e-02
3.046676571370860592e-02
2.837337985979533281e-02
2.643121669468633320e-02
2.463333601915896481e-02
2.297208650348777845e-02
2.143928411613862245e-02
2.002638721284893258e-02
1.872466460422956766e-02
1.752535288383738621e-02
1.641979958315308019e-02
1.539958947831364042e-02
1.445665248674852209e-02
1.358335274323279988e-02
1.277255929382514581e-02
1.201769920833833244e-02
1.131279385006553513e-02
1.065247882183087934e-02
1.003200804990102800e-02
9.447242771074563367e-03
8.894626827653750317e-03
8.371150418975589411e-03
7.874304999845690989e-03
7.402032139423875452e-03
6.952668846579834402e-03
6.524891320735611358e-03
6.117658584907948241e-03
5.730157219067805174e-03
5.361748472788537868e-03
5.011919235162858033e-03
4.680238415312206260e-03
4.366320028899029794e-03
4.069793661837180047e-03
3.790282162881794710e-03
3.527385692576375659e-03
3.280670886702840346e-03
3.049663971340922826e-03
2.833847074102425166e-03
2.632657445030018098e-03
2.445489559508034431e-03
2.271699990229998113e-03
2.110614574990123029e-03
1.961536999372465694e-03
1.823757714882092177e-03
1.696562266607174472e-03
1.579238560517208338e-03
1.471083144032767683e-03
1.371406941151720503e-03
1.279540906089782866e-03
1.194841752706475146e-03
1.116697471572408338e-03
1.044532023439971027e-03
9.778085873957404871e-04
9.160310616244240816e-04
8.587440018039001720e-04
8.055315833527675225e-04
7.560162830490495646e-04
7.098577448006752801e-04
6.667518579044113972e-04
6.264296762173223333e-04
5.886556616496400191e-04
5.532249220039474205e-04
5.199595267345951365e-04
4.887043970102189321e-04
4.593234524435935834e-04
4.316965537842941598e-04
4.057173847385370279e-04
3.812919783273514959e-04
3.583373453930273518e-04
3.367797312732488733e-04
3.165523653100078849e-04
2.975929849874971709e-04
2.798416799665605077e-04
2.632395646922902339e-04
2.477284695220225092e-04
2.332514108806457709e-04
2.197532914867791258e-04
2.071812572351988202e-04
1.954844080111492271e-04
1.846129768845855264e-04
1.745174295869250159e-04
1.651480132165358014e-04
1.564550616272184977e-04
1.483899687962955650e-04
1.409063880230956379e-04
1.339610965325590056e-04
1.275141455693819465e-04
1.215282966465731565e-04
1.159681189190232814e-04
1.107992892001956727e-04
1.059885072319510780e-04
1.015040871655436319e-04
9.731690438890010144e-05
9.340117215109181221e-05
8.973460474627199899e-05
8.629784694756147188e-05
8.307343665908121686e-05
8.004480947603675935e-05
7.719582037976427944e-05
7.451096920449213799e-05
7.197613083855574560e-05
6.957931758046781586e-05
6.731098684874568328e-05
6.516365816728640430e-05
6.313098137479075818e-05
6.120669753241137130e-05
5.938399347053114594e-05
5.765553936085781835e-05
5.601413244879889308e-05
5.445354813305881424e-05
5.296909569439710915e-05
5.155754479724597282e-05
5.021643705924108832e-05
4.894313477131108375e-05
4.773410341515460075e-05
4.658479892708310659e-05
4.549020445422712142e-05
4.444571248789843136e-05
4.344786571621658133e-05
4.249455148780454365e-05
4.158454464640905517e-05
4.071664802893095960e-05
3.988889694993055638e-05
3.909825695607364426e-05
3.834097469067202033e-05
3.761338722571063044e-05
3.691274811102868684e-05
3.623762181613075697e-05
3.558763434332697437e-05
3.496271730340132298e-05
3.436225585724105448e-05
3.378460022154235003e-05
3.322720062857027453e-05
3.268728631744700620e-05
3.216271483839868762e-05
3.165252775061876080e-05
3.115691028333372753e-05
3.067657690425389008e-05
3.021191539086879034e-05
2.976235091735316657e-05
2.932626998597304835e-05
2.890153915819289071e-05
2.848633140867194014e-05
2.807980815902506934e-05
