7.764186649786687378e-01
6.424001620854522532e-01
5.885896576636852062e-01
2.077009987269423652e-01
1.611706753106146306e-01
3.904952826165805635e-01
1.213024460500086721e-01
1.167178764612152309e-01
3.063206845539799827e-01
1.590836684631700693e-01
2.082153333514446536e-01
6.515130063545510053e-02
8.805062806206787052e-02
9.732117038886584082e-02
9.239012201258106627e-02
1.486769765939865429e-01
3.007625951576666790e-01
1.632162870951566758e-01
1.145208558794700848e-01
1.783250456123015582e-01
8.801016922614834925e-02
9.401501506547382814e-02
9.206004866140110598e-02
2.910982896557245958e-01
2.179599407330027883e-01
3.341584943275982544e-01
