1.321505327451820080e-05
1.350034434406779405e-05
1.379274323020759041e-05
1.409275249991708569e-05
1.440136476027037710e-05
1.471974694769895043e-05
1.504884025971712377e-05
1.538909543236130457e-05
1.574049324506286113e-05
1.610284671043505777e-05
1.647622694216285607e-05
1.686128388164150475e-05
1.725928638188199647e-05
1.767185676593291947e-05
1.810054213357583080e-05
1.854645700008300085e-05
1.901019724947820789e-05
1.949208036572948503e-05
1.999258892330448248e-05
2.051278035093157066e-05
2.105443981078934890e-05
2.161988952921236123e-05
2.221155457709015729e-05
2.283152051553883222e-05
2.348132723542546103e-05
2.416211842719281637e-05
2.487507339927033970e-05
2.562189183509616745e-05
2.640506895527294109e-05
2.722780897657368945e-05
2.809362096741777547e-05
2.900581724142024559e-05
2.996719340225290835e-05
3.098007648269615106e-05
3.204673128665021080e-05
3.316992076528287395e-05
3.435333068504079358e-05
3.560164095580375910e-05
3.692021929346768814e-05
3.831462355809438659e-05
3.979021192127732382e-05
4.135211106597184901e-05
4.300560563486712569e-05
4.475678686773556397e-05
4.661315758652353797e-05
4.858391309108549456e-05
5.067979380151798051e-05
5.291264176095169023e-05
5.529496072676181977e-05
5.783978512602289042e-05
6.056100028904177199e-05
6.347401110474986004e-05
6.659646138862397298e-05
6.994866963871614279e-05
7.355359154726881597e-05
7.743636976345020053e-05
8.162375179882940879e-05
8.614372625054570951e-05
9.102560490153564375e-05
9.630052754884339177e-05
1.020021229971690397e-04
1.081669576573528668e-04
1.148345018139488661e-04
1.220465933014779509e-04
1.298466457195126666e-04
1.382789879675011102e-04
1.473886556965051001e-04
1.572217167970002593e-04
1.678259311289367851e-04
1.792513746954732794e-04
1.915506973984694526e-04
2.047789156035558877e-04
2.189929437659209293e-04
2.342512794363792183e-04
2.506142566203473912e-04
2.681450692374549773e-04
2.869114515514126261e-04
3.069876553324510588e-04
3.284563189124405915e-04
3.514100066416278654e-04
3.759525085429247658e-04
4.022002563027725895e-04
4.302842809409995382e-04
4.603529622567292400e-04
4.925754862965755782e-04
5.271456093661587919e-04
5.642851951205669295e-04
6.042471164285927090e-04
6.473174280488053949e-04
6.938170470074970717e-04
7.441033402869694745e-04
7.985719188388017923e-04
8.576586215924983598e-04
9.218413119252668242e-04
9.916409011923657535e-04
1.067621080266247576e-03
1.150386555264226512e-03
1.240579987120583741e-03
1.338878115750071363e-03
1.445987562377643292e-03
1.562640548513768383e-03
1.689590396708809828e-03
1.827606406960655995e-03
1.977467705357001219e-03
2.139955966812421596e-03
2.315847388695190835e-03
2.505904712233568334e-03
2.710870259068754937e-03
2.931460813171826631e-03
3.168364845615889713e-03
3.422242273127312252e-03
3.693726869431651714e-03
3.983431686906933195e-03
4.291958288305368525e-03
4.619910994068083566e-03
4.967917470137486746e-03
5.336656687156531714e-03
5.726894640591493647e-03
6.139527459480017060e-03
6.575630918897667869e-03
7.036515079245785412e-03
7.523782789843817646e-03
8.039390929836057534e-03
8.585713269476878337e-03
9.165603556285061015e-03
9.782456883486938259e-03
1.044026678395054350e-02
1.114367508874444627e-02
1.189801159636890392e-02
1.270932102568584320e-02
1.358437537754323549e-02
1.453067040920566141e-02
1.555640519389014063e-02
1.667044365231786646e-02
1.788225668929699363e-02
1.920184346559463545e-02
2.063963066617259534e-02
2.220634947698693282e-02
2.391289118752679480e-02
2.577014355538541357e-02
2.778881096829204436e-02
2.997922187485628498e-02
3.235112706628390233e-02
3.491349254335988223e-02
3.767429131284275035e-02
4.064029978517971764e-02
4.381690646262988847e-02
4.720794300798836912e-02
5.081555013153137706e-02
5.464009265306479790e-02
5.868013941016356205e-02
6.293252440982803619e-02
6.739250582849400095e-02
7.205403908053709117e-02
7.691017884988037012e-02
8.195362212190360207e-02
8.717739923631659393e-02
9.257571244616449868e-02
9.814491158379468061e-02
1.038845849952828998e-01
1.097987321985629955e-01
1.158969742230578220e-01
1.221957496024747847e-01
1.287194393695592354e-01
1.355013634374484799e-01
1.425845932505710456e-01
1.500225310228073539e-01
1.578792135564754395e-01
1.662293077831036858e-01
1.751577749766873027e-01
1.847591902450685941e-01
1.951367126720925382e-01
2.064007088784945154e-01
2.186670387349417266e-01
2.320550169413123087e-01
2.466850690152319892e-01
2.626761058177190522e-01
2.801426476619118811e-01
2.991917372448506529e-01
3.199196893936883668e-01
3.424087338708742823e-01
3.667236144204106818e-01
3.929082128667447105e-01
4.209822725426129453e-01
4.509383027450189485e-01
4.827387577729386203e-01
5.163136023115088014e-01
5.515584000209309279e-01
5.883330927778015473e-01
6.264616707581464050e-01
6.657329634913169425e-01
7.059028031054707109e-01
7.466978165614274188e-01
7.878210868040589343e-01
8.289598766546892872e-01
8.697955279895708269e-01
9.100155285291489093e-01
9.493275796886015971e-01
9.874753078413650575e-01
1.024255052138410393e+00
1.059532956641980439e+00
1.093261420809624296e+00
1.125493849947406311e+00
1.156396621930781965e+00
1.186257264201378447e+00
1.215488017090864181e+00
1.244624230463886372e+00
1.274317369756119867e+00
1.305322753561226179e+00
1.338482463928200472e+00
1.374704123859486593e+00
1.414936398294658559e+00
1.460142136497109444e+00
1.511270044413049574e+00
1.569225678811167368e+00
1.634842422299824793e+00
1.708852961188365827e+00
1.791861671170362991e+00
1.884318232196898091e+00
1.986492745060981502e+00
2.098452600937425139e+00
2.220041351504227656e+00
2.350859835049376567e+00
2.490249835096305819e+00
2.637280593773661419e+00
2.790738589791387447e+00
2.949121137605844378e+00
3.110634579181552617e+00
3.273198116522693102e+00
3.434454646092861552e+00
3.591790259142369379e+00
3.742364300636717989e+00
3.883151956946308658e+00
4.011001186139969477e+00
4.122705335864708331e+00
4.215091949870391375e+00
4.285127015155703489e+00
4.330032269123809563e+00
4.347411262749667493e+00
4.335377838616573776e+00
4.292678792678401578e+00
4.218801069285223804e+00
4.114053231600826699e+00
3.979611448016954434e+00
3.817522012788657992e+00
3.630655463920827053e+00
3.422611439918885168e+00
3.197578081792519011e+00
2.960154432449966677e+00
2.715148248272026166e+00
2.467364316035229876e+00
2.221399341644509917e+00
1.981458590092382455e+00
1.751206851002448550e+00
1.533662391805592273e+00
1.331137937364689883e+00
1.145228046393195642e+00
9.768381544090563029e-01
8.262474801994194040e-01
6.931961950415799212e-01
5.769867546695518490e-01
4.765899257912859510e-01
3.907475062461804316e-01
3.180656906250945437e-01
2.570951344128707405e-01
2.063957446038389432e-01
1.645858860025086745e-01
1.303769437900465511e-01
1.025950064816479462e-01
8.019186821110337038e-02
6.224766827050120382e-02
4.796737531161081314e-02
3.667306790462848687e-02
2.779363472220732281e-02
2.085317211200450258e-02
1.545903192807498300e-02
1.129018961147497391e-02
8.086370162140574247e-03
5.638187602011394094e-03
3.778416769330504403e-03
2.374418018908587905e-03
1.321668863593486237e-03
5.383156436917373210e-04
-3.936265247271692830e-05
-4.606926193088705301e-04
-7.636577052057914915e-04
-9.773652554053516035e-04
-1.124022114237677606e-03
-1.220501810728061428e-03
-1.279577211740690794e-03
-1.310883566029631036e-03
-1.321667504314855612e-03
-1.317367721153622339e-03
-1.302063359573258543e-03
-1.278817592196239764e-03
-1.249937457145190202e-03
-1.217166941305754257e-03
-1.181828081317454725e-03
-1.144923405663520084e-03
-1.107211303163397904e-03
-1.069263335516213104e-03
-1.031509329133037563e-03
-9.942730666863122332e-04
-9.577994179215917111e-04
-9.222732438150805763e-04
-8.878311367275740912e-04
-8.545682228203059288e-04
-8.225429241288755283e-04
-7.917821905392971116e-04
-7.622883461863343363e-04
-7.340470036374017277e-04
-7.070343298009108043e-04
-6.812218677881531599e-04
-6.565781094065834033e-04
-6.330674859616730989e-04
-6.106485733018659264e-04
-5.892734749742420874e-04
-5.688894781051144663e-04
-5.494426598745329746e-04
-5.308819353764155117e-04
-5.131617165272700683e-04
-4.962420498202389004e-04
-4.800864157517586604e-04
-4.646585763979295034e-04
-4.499202973145282778e-04
-4.358312206642518129e-04
-4.223509440110746532e-04
-4.094421379943277033e-04
-3.970729768081320975e-04
-3.852175474050406026e-04
-3.738540152324629304e-04
-3.629615392520770434e-04
-3.525175860462820862e-04
-3.424970455875427306e-04
-3.328735495350588656e-04
-3.236221924874683738e-04
-3.147221110092812755e-04
-3.061574801830450085e-04
-2.979163712912454281e-04
-2.899880849080934439e-04
-2.823603922210754969e-04
-2.750181463227483803e-04
-2.679439617729713558e-04
-2.611205312169883599e-04
-2.545332697116461213e-04
-2.481718221309528265e-04
-2.420296092945778952e-04
-2.361016651929470113e-04
-2.303819412956845884e-04
-2.248615266270325103e-04
-2.195287163986034472e-04
-2.143708484285464352e-04
-2.093768714921098099e-04
-2.045392291973197887e-04
-1.998540347156998120e-04
-1.953194525866386625e-04
-1.909331768154550824e-04
-1.866903724970136113e-04
-1.825831793846010556e-04
-1.786020159350422214e-04
-1.747379448920835803e-04
-1.709847969857639528e-04
-1.673398978799941963e-04
-1.638030152279053254e-04
-1.603741117908428517e-04
-1.570511300254509753e-04
-1.538290014967237998e-04
-1.507003968331821226e-04
-1.476577835813093617e-04
-1.446956568342096586e-04
-1.418117280279170196e-04
-1.390064362219955681e-04
-1.362810621712890098e-04
-1.336354788620873024e-04
-1.310667571226116165e-04
-1.285693681001984971e-04
-1.261368515974082324e-04
-1.237640273903717932e-04
-1.214485432987441350e-04
-1.191909265010575986e-04
-1.169931242262472999e-04
-1.148563380285568864e-04
-1.127793296019440712e-04
-1.107581082137769818e-04
-1.087871522892367229e-04
-1.068614856793944669e-04
-1.049784737669824696e-04
-1.031383681841475182e-04
-1.013433164951670106e-04
-9.959538713707350853e-05
-9.789468743969934386e-05
-9.623859131586878345e-05
-9.462248237937087982e-05
-9.304159398374496745e-05
-9.149293804812424135e-05
-8.997627647180430623e-05
-8.849361740129047384e-05
-8.704752219465456450e-05
-8.563915001861781956e-05
-8.426710027544225814e-05
-8.292767121773104175e-05
-8.161638077689682897e-05
-8.032991382656802851e-05
-7.906743703505431195e-05
-7.783057449866042764e-05
-7.662206874411936432e-05
-7.544386313248633072e-05
-7.429564834745893765e-05
-7.317465519322679526e-05
-7.207679441945595122e-05
-7.099851426376552405e-05
-6.993836335804313738e-05
-6.889741491873724105e-05
-6.787833177859674586e-05
-6.688358947648120770e-05
-6.591382603780941978e-05
-6.496721039431927944e-05
-6.404016257892383777e-05
-6.312902432174571964e-05
-6.223176751080345510e-05
-6.134881491938488495e-05
-6.048253568031051520e-05
-5.963569891929617077e-05
-5.880973071376304233e-05
-5.800371932222707469e-05
-5.721470112455669869e-05
-5.643906227310514263e-05
-5.567428832115760084e-05
-5.492011167661901166e-05
-5.417844000172245737e-05
-5.345211330081958207e-05
-5.274317124252902691e-05
-5.205157223541924660e-05
-5.137505424470485346e-05
-5.071020409637513638e-05
-5.005414731074483905e-05
-4.940593887095974220e-05
-4.876690392886777215e-05
-4.813975135670091766e-05
-4.752694870622001347e-05
-4.692924349130027389e-05
-4.634513026004915713e-05
-4.577154523800003262e-05
-4.520540377078453289e-05
-4.464514218794450053e-05
-4.409142910564842937e-05
-4.354666660311785811e-05
-4.301355944895813698e-05
-4.249353324893760209e-05
-4.198585891350806491e-05
-4.148795270023745703e-05
-4.099668148176113032e-05
-4.050995980224460084e-05
-4.002777195929406982e-05
-3.955206938147254201e-05
-3.908560601824013662e-05
-3.863034912503737311e-05
-3.818632855685605515e-05
-3.775154479851072553e-05
-3.732297876865492333e-05
-3.689814962848588268e-05
-3.647637358330999273e-05
-3.605904385984739613e-05
-3.564878623850754234e-05
-3.524795422952694786e-05
-3.485728272897487733e-05
-3.447542814941676967e-05
-3.409963865018831642e-05
-3.372718470572212300e-05
-3.335677077547747764e-05
-3.298916373010013492e-05
-3.262670230002332134e-05
-3.227195971241454290e-05
-3.192628859765763854e-05
-3.158903675226524475e-05
-3.125785451892625652e-05
-3.092992103300260003e-05
-3.060342001114916313e-05
-3.027846446905362867e-05
-2.995697268745027783e-05
-2.964156844169280801e-05
-2.933410647868895125e-05
-2.903462377921950751e-05
-2.874128213957751396e-05
-2.845132770264272070e-05
-2.816254220185990638e-05
-2.787439733442459322e-05
-2.758828868380192116e-05
-2.730672745012282322e-05
-2.703193326002892815e-05
-2.676459327727218177e-05
-2.650345871504977406e-05
-2.624599282649114863e-05
-2.598971388994716520e-05
-2.573350225743987121e-05
-2.547816377500953405e-05
-2.522594826132273205e-05
-2.497928919543851377e-05
-2.473945109781768749e-05
-2.450581760675822301e-05
