-3.792367918678051762e-06
-3.855323597254118467e-06
-3.919903817613187609e-06
-3.986221720182506022e-06
-4.054062929070824194e-06
-4.123009694608100167e-06
-4.192679246965318555e-06
-4.262947828639114889e-06
-4.334037275568919987e-06
-4.406414054863090380e-06
-4.480552579970298225e-06
-4.556690038031402476e-06
-4.634707035725216129e-06
-4.714201906835036035e-06
-4.794721604862891136e-06
-4.876025521460742009e-06
-4.958238190298180227e-06
-5.041805052471593916e-06
-5.127271850244342086e-06
-5.215005325072377045e-06
-5.305007294267461260e-06
-5.396925829022994765e-06
-5.490261110074978019e-06
-5.584656733361662464e-06
-5.680118335107095629e-06
-5.777038304425361261e-06
-5.876009426628148028e-06
-5.977525727501057882e-06
-6.081732481312905959e-06
-6.188363405789500812e-06
-6.296902989281101808e-06
-6.406889145863647844e-06
-6.518192858859641715e-06
-6.631121056685088786e-06
-6.746283038221678460e-06
-6.864289325797947175e-06
-6.985445001517295029e-06
-7.109605614929418666e-06
-7.236277728173397981e-06
-7.364913524664723428e-06
-7.495241548934285160e-06
-7.627452894565200350e-06
-7.762138078315389367e-06
-7.900004624324829093e-06
-8.041526198326756045e-06
-8.186714477181595187e-06
-8.335141178765113971e-06
-8.486202846572294114e-06
-8.639487711138366254e-06
-8.795045357698240350e-06
-8.953409527115427773e-06
-9.115357001292323126e-06
-9.281529951207891430e-06
-9.452126387425671960e-06
-9.626829808827446598e-06
-9.805021133672018618e-06
-9.986161968686783094e-06
-1.017014222771740579e-05
-1.035740080768305266e-05
-1.054874894759212188e-05
-1.074498767400197063e-05
-1.094652540186994631e-05
-1.115320552536966363e-05
-1.136444257081521250e-05
-1.157959805914512714e-05
-1.179839443217259875e-05
-1.202114073971207906e-05
-1.224864280654426227e-05
-1.248184131615454796e-05
-1.272137134514673618e-05
-1.296728362874687197e-05
-1.321908362880452936e-05
-1.347607305815735069e-05
-1.373781226172492754e-05
-1.400445211169777552e-05
-1.427675091920285824e-05
-1.455576121137145999e-05
-1.484235211871300833e-05
-1.513682647713737591e-05
-1.543884472200584169e-05
-1.574770331931839025e-05
-1.606282181691020140e-05
-1.638417531080873116e-05
-1.671243403695772372e-05
-1.704872799576498927e-05
-1.739415876802665928e-05
-1.774932182131592624e-05
-1.811410193443019231e-05
-1.848785951974565143e-05
-1.886991330383512539e-05
-1.926006029362708084e-05
-1.965884845233200953e-05
-2.006744775542972781e-05
-2.048718282628771113e-05
-2.091897743116735077e-05
-2.136301444317195811e-05
-2.181880252735579170e-05
-2.228562121105640530e-05
-2.276310763096982281e-05
-2.325166576296422649e-05
-2.375247012902416624e-05
-2.426705422054570318e-05
-2.479670183960339293e-05
-2.534197220772035184e-05
-2.590262285570739319e-05
-2.647798107123253093e-05
-2.706756925076812578e-05
-2.767164607314264379e-05
-2.829136484073946169e-05
-2.892845469208979106e-05
-2.958459073302170331e-05
-3.026079354455275624e-05
-3.095718938574547769e-05
-3.167327097872596231e-05
-3.240852646972722099e-05
-3.316309903970640236e-05
-3.393811580957141819e-05
-3.473549905899069853e-05
-3.555735360008621492e-05
-3.640525927466483583e-05
-3.727985669520265900e-05
-3.818096129915327943e-05
-3.910815519403426513e-05
-4.006154239654225959e-05
-4.104225652277608853e-05
-4.205243746882416294e-05
-4.309467981680993262e-05
-4.417124657845520572e-05
-4.528347750276688681e-05
-4.643172350105040109e-05
-4.761585645191716197e-05
-4.883608804314993056e-05
-5.009365538986179607e-05
-5.139099487322984673e-05
-5.273129922260550849e-05
-5.411769038238636761e-05
-5.555245771745434454e-05
-5.703678539448688739e-05
-5.857113299818434348e-05
-6.015607738026936539e-05
-6.179316535328806476e-05
-6.348531075965712213e-05
-6.523651010779467861e-05
-6.705102170210133045e-05
-6.893245268236244407e-05
-7.088325986359046336e-05
-7.290495422841578510e-05
-7.499891794061969077e-05
-7.716740300592347490e-05
-7.941417058857696480e-05
-8.174441578194219617e-05
-8.416400896382798705e-05
-8.667846345257515766e-05
-8.929220086332521130e-05
-9.200853577650987259e-05
-9.483041506219783969e-05
-9.776153187205255954e-05
-1.008072185702302867e-04
-1.039746309416595999e-04
-1.072721163859841417e-04
-1.107081082397321029e-04
-1.142901602353860408e-04
-1.180246745321230354e-04
-1.219175085839468395e-04
-1.259751659174614504e-04
-1.302059463327581593e-04
-1.346204384533173900e-04
-1.392310868007589047e-04
-1.440510725064518180e-04
-1.490931349461228970e-04
-1.543690127309573596e-04
-1.598898589528908022e-04
-1.656674561710011311e-04
-1.717156089106356906e-04
-1.780509757709096744e-04
-1.846928929512636037e-04
-1.916622867057554865e-04
-1.989802781693516707e-04
-2.066672678203321603e-04
-2.147430366300320294e-04
-2.232278423646573255e-04
-2.321439231101132816e-04
-2.415165597087717581e-04
-2.513740475812075922e-04
-2.617464887814203783e-04
-2.726639353336137578e-04
-2.841547503556062122e-04
-2.962449072225478773e-04
-3.089583839346018491e-04
-3.223181288922580723e-04
-3.363466493865032380e-04
-3.510653480433705053e-04
-3.664922766686664929e-04
-3.826386978460618931e-04
-3.995053375008363375e-04
-4.170791814014647002e-04
-4.353310963843167163e-04
-4.542137178556260400e-04
-4.736583604269190614e-04
-4.935695116243064146e-04
-5.138158090693121290e-04
-5.342170007083717545e-04
-5.545267749023333366e-04
-5.744111072288562601e-04
-5.934207675015895113e-04
-6.109550796737432373e-04
-6.262123719956476245e-04
-6.381212039725513716e-04
-6.452455289741157235e-04
-6.456561679388822961e-04
-6.367597629752602077e-04
-6.150741665324929415e-04
-5.759356949786598743e-04
-5.131189526379138820e-04
-4.183444760255061409e-04
-2.806437967858408820e-04
-8.554598567936250717e-05
1.859557581229185730e-04
5.587047315998459537e-04
1.065002287513608413e-03
1.746610992893065295e-03
2.657206534987635854e-03
3.865349771367343826e-03
5.458049892952164008e-03
7.544981744443042017e-03
1.026340190457485611e-02
1.378377590811225017e-02
1.831607928563666957e-02
2.411666361192339389e-02
3.149548086101014444e-02
4.082333102641472200e-02
5.253863740748204725e-02
6.715306396767160846e-02
8.525507958385512841e-02
1.075103639935209160e-01
1.346577697357572989e-01
1.674994440897349945e-01
2.068837244015211685e-01
2.536796026156145079e-01
3.087419593264071893e-01
3.728674272968742209e-01
4.467416621605948546e-01
5.308799328266079476e-01
6.255642006389661169e-01
7.307810836532823151e-01
8.461661052480253797e-01
9.709601911797629548e-01
1.103984313019648056e+00
1.243637350904531758e+00
1.387920643317845704e+00
1.534490416849730865e+00
1.680736587915398150e+00
1.823883648350418829e+00
1.961106883022391889e+00
2.089655392007262247e+00
2.206972578793193751e+00
2.310805044665771302e+00
2.399292146988382779e+00
2.471030619886019686e+00
2.525111284587640448e+00
2.561127605790189499e+00
2.579158313153985027e+00
2.579728219746069140e+00
2.563752569772705492e+00
2.532470704960962493e+00
2.487374634365735471e+00
2.430137385346273771e+00
2.362544997463808194e+00
2.286434884846459514e+00
2.203642192274497980e+00
2.115954815372814934e+00
2.025077007185738687e+00
1.932600971960475089e+00
1.839985541176646144e+00
1.748540905472179885e+00
1.659418396596853196e+00
1.573604429099615398e+00
1.491917876748514171e+00
1.415010334452639018e+00
1.343368873413135711e+00
1.277321018336301295e+00
1.217041756106459482e+00
1.162562430592217755e+00
1.113781399010825623e+00
1.070476332535462705e+00
1.032318044451003836e+00
9.988857235327940343e-01
9.696834329281116549e-01
9.441576973673291295e-01
9.217159374767587288e-01
9.017454188563615025e-01
8.836322737091961699e-01
8.667800411728554533e-01
8.506270820223691409e-01
8.346621780043649297e-01
8.184376449217055649e-01
8.015793811881276598e-01
7.837934366744520043e-01
7.648689041540248645e-01
7.446771812513502953e-01
7.231678930399932925e-01
7.003619736873881729e-01
6.763425556448904308e-01
6.512443931407907449e-01
6.252425514574622145e-01
5.985410338763239579e-01
5.713619112110289722e-01
5.439353849703003618e-01
5.164910741857614562e-01
4.892506838238998013e-01
4.624221001657587982e-01
4.361948709110707312e-01
4.107369660364594277e-01
3.861926777054744409e-01
3.626815002918469255e-01
3.402978306038797474e-01
3.191113391607062755e-01
2.991678812772635143e-01
2.804908373650323306e-01
2.630827914563548808e-01
2.469274728181975742e-01
2.319918964221014401e-01
2.182286442953267347e-01
2.055782328760478173e-01
1.939715134032801436e-01
1.833320547975910431e-01
1.735784623331329823e-01
1.646265906126881395e-01
1.563916151857150105e-01
1.487899326510167819e-01
1.417408636233783159e-01
1.351681364710945743e-01
1.290011327703277644e-01
1.231758787912693859e-01
1.176357717853033225e-01
1.123320357952293375e-01
1.072239091343893946e-01
1.022785741785565972e-01
9.747084907728757741e-02
9.278266973418891617e-02
8.820239823044914718e-02
8.372400006746552603e-02
7.934613648363007810e-02
7.507121905149995167e-02
7.090447143797164176e-02
6.685303770725749273e-02
6.292516850088747393e-02
5.912950694841073718e-02
5.547448657877395578e-02
5.196784502482652834e-02
4.861625071965638978e-02
4.542503527419130410e-02
4.239802149930668035e-02
3.953743553615216011e-02
3.684389077033652093e-02
3.431643085976669727e-02
3.195261930807959810e-02
2.974866370945178015e-02
2.769956415023796387e-02
2.579927713082664359e-02
2.404088839084440182e-02
2.241678971923695765e-02
2.091885587023234808e-02
1.953861803847694451e-02
1.826743023508137914e-02
1.709662479118908424e-02
1.601765349097462876e-02
1.502221165414014369e-02
1.410234369343818690e-02
1.325052989622898039e-02
1.245975503951476070e-02
1.172355975334528864e-02
1.103607538917260149e-02
1.039204284271874612e-02
9.786815687501178307e-03
9.216348308248608137e-03
8.677170435922393343e-03
8.166350302713048376e-03
7.681449206801335521e-03
7.220470368812513182e-03
6.781804578308803406e-03
6.364174501033436314e-03
5.966578972551267110e-03
5.588238381946673654e-03
5.228542375198376793e-03
4.887001383639842308e-03
4.563203604351296488e-03
4.256778792100534593e-03
3.967369539712388600e-03
3.694609829959162768e-03
3.438109870081387971e-03
3.197445857400558252e-03
2.972153463059121377e-03
2.761724310888405420e-03
2.565605260429265708e-03
2.383200574047733642e-03
2.213876919554230108e-03
2.056970726187798675e-03
1.911796941444859248e-03
1.777658019683645441e-03
1.653852162808505102e-03
1.539680358800711883e-03
1.434452372050748188e-03
1.337492231577712756e-03
1.248143756745380938e-03
1.165776286460412127e-03
1.089790263729330461e-03
1.019621970665928563e-03
9.547467173384458286e-04
8.946801677930646185e-04
8.389780421690494917e-04
7.872348743969702399e-04
7.390826032600478820e-04
6.941894887105055532e-04
6.522593395838604657e-04
6.130305929033599572e-04
5.762746416071220243e-04
5.417930420221140275e-04
5.094137135647900565e-04
4.789867065207379488e-04
4.503803059955208132e-04
4.234780560819331242e-04
3.981768265180127536e-04
3.743855518542902119e-04
3.520240113652781198e-04
3.310211201882018125e-04
3.113126037748541728e-04
2.928384027544970341e-04
2.755404404021033569e-04
2.593613223938749418e-04
2.442441608910954375e-04
2.301332258632304763e-04
2.169747890713775063e-04
2.047175202378681232e-04
1.933121204568553821e-04
1.827103562604728544e-04
1.728640296501731354e-04
1.637244857417746767e-04
1.552429885079938999e-04
1.473718374794392679e-04
1.400657048683530924e-04
1.332825573125194052e-04
1.269837508950494276e-04
1.211333294342904283e-04
1.156969749206645550e-04
1.106412298538157632e-04
1.059334443960421044e-04
1.015424902098988486e-04
9.743985245654567364e-05
9.360049517110474726e-05
9.000300894227588710e-05
8.662892979432662631e-05
8.346155708759664036e-05
8.048485829343060127e-05
7.768299037193422110e-05
7.504062487732935077e-05
7.254382433706216585e-05
7.018091923826656948e-05
6.794283846673237245e-05
6.582264699777349345e-05
6.381447796775948332e-05
6.191237624777654568e-05
6.010961937033237591e-05
5.839882431723870726e-05
5.677272656509012002e-05
5.522516023019530311e-05
5.375166803055588839e-05
5.234937945764925169e-05
5.101619928499802326e-05
4.974972648251708908e-05
4.854647124961942453e-05
4.740177679519938785e-05
4.631047183938410137e-05
4.526788699697621281e-05
4.427067597609127248e-05
4.331699362151087194e-05
4.240593528980809697e-05
4.153654356293517156e-05
4.070692136115285190e-05
3.991393002490985616e-05
3.915363153862929686e-05
3.842223029665933228e-05
3.771700076747298386e-05
3.703669794618231684e-05
3.638123026726576814e-05
3.575077491583425433e-05
3.514481599524791456e-05
3.456162460120866845e-05
3.399845729968695054e-05
3.345235869881299322e-05
3.292112721628476002e-05
3.240391718207393640e-05
3.190115020341991776e-05
3.141378450125335966e-05
3.094233820435426843e-05
3.048619360434496402e-05
3.004355433155158134e-05
2.961207197411335246e-05
2.918979621668686946e-05
2.877592953792453218e-05
