1.354266523880189568e-05
1.383373290877584888e-05
1.413183232281818480e-05
1.443744382138843965e-05
1.475161674776093481e-05
1.507562107352753617e-05
1.541048815153117351e-05
1.575669218860660634e-05
1.611415187874320952e-05
1.648255962724877669e-05
1.686186636347896021e-05
1.725266135044116079e-05
1.765623902321631128e-05
1.807431260954924602e-05
1.850852729937584116e-05
1.896003865418204303e-05
1.942939128297440488e-05
1.991677259852153974e-05
2.042251210262099859e-05
2.094755937147857455e-05
2.149368035167555633e-05
2.206326096217169761e-05
2.265882013767292564e-05
2.328249569112979679e-05
2.393578627070442561e-05
2.461969761122121013e-05
2.533522242412594209e-05
2.608389904010417759e-05
2.686814612723907041e-05
2.769118829296137179e-05
2.855660892100846012e-05
2.946777269496089324e-05
3.042743763041056679e-05
3.143778017784520370e-05
3.250083659983069544e-05
3.361913787593627886e-05
3.479620771269208846e-05
3.603666513055508314e-05
3.734588860699695410e-05
3.872944230627570634e-05
4.019260346819880354e-05
4.174028541186864213e-05
4.337744376930490793e-05
4.510979468606135913e-05
4.694450374411813154e-05
4.889051809176731044e-05
5.095840753640553067e-05
5.315985047190623493e-05
5.550710058490709143e-05
5.801278907547675916e-05
6.069024065288954647e-05
6.355420279457031597e-05
6.662165748595899899e-05
6.991233011266107422e-05
7.344866458710395539e-05
7.725531649543343590e-05
8.135847443879368787e-05
8.578541170099963269e-05
9.056454236512322662e-05
9.572597424110723067e-05
1.013022673624090270e-04
1.073289773427423536e-04
1.138446620623296450e-04
1.208903086247950346e-04
1.285084466920567942e-04
1.367423860070442806e-04
1.456359542752788845e-04
1.552338470503469468e-04
1.655823764082847238e-04
1.767301985336779113e-04
1.887286291512055389e-04
2.016314102931540740e-04
2.154941383097516933e-04
2.303738140370298121e-04
2.463289926859991335e-04
2.634207796490135845e-04
2.817145605674697961e-04
3.012820622889390821e-04
3.222032750122721424e-04
3.445679629009923352e-04
3.684768440326098766e-04
3.940428353080000618e-04
4.213928552981180626e-04
4.506704948592170465e-04
4.820394912281989841e-04
5.156875724507141347e-04
5.518300729361593979e-04
5.907128481694981417e-04
6.326143688171261296e-04
6.778472589027976147e-04
7.267597456387804274e-04
7.797373922648262717e-04
8.372051352018921536e-04
8.996292299516394243e-04
9.675184556245446056e-04
1.041423982275216332e-03
1.121937650166088436e-03
1.209688869362879424e-03
1.305340680747438340e-03
1.409585551030167116e-03
1.523141193745650808e-03
1.646746277921802256e-03
1.781155556612639204e-03
1.927133922120867439e-03
2.085449217607876667e-03
2.256864163624604670e-03
2.442128238954902313e-03
2.641970559416255502e-03
2.857094648292668806e-03
3.088175605706071098e-03
3.335859811868104909e-03
3.600767185623134862e-03
3.883496265133434475e-03
4.184632874010117513e-03
4.504763616680716211e-03
4.844495623195928767e-03
5.204483679994395193e-03
5.585465201485070343e-03
5.988302668252295548e-03
6.414032489550567685e-03
6.863918944474050286e-03
7.339511911758994644e-03
7.842707306354694194e-03
8.375809215692916337e-03
8.941592470629072115e-03
9.543363802480041638e-03
1.018501904794962519e-02
1.087109338522215807e-02
1.160680155809234657e-02
1.239806549773918125e-02
1.325152747368717361e-02
1.417454755826247186e-02
1.517518448977339673e-02
1.626215890220821317e-02
1.744479754918929967e-02
1.873295694778272583e-02
2.013692513559529537e-02
2.166730109068421700e-02
2.333485263728203238e-02
2.515035497218890206e-02
2.712441290874254354e-02
2.926727036398918055e-02
3.158861064414156955e-02
3.409735111376779176e-02
3.680143633768617056e-02
3.970763506859156106e-02
4.282134850378360724e-02
4.614643971983686810e-02
4.968509662692420503e-02
5.343774274526437440e-02
5.740301140563202481e-02
6.157779966151567808e-02
6.595741840121821520e-02
7.053585484616571588e-02
7.530616248922673839e-02
8.026099094091644626e-02
8.539326340998125431e-02
9.069700220182926043e-02
9.616829278376658185e-02
1.018063654256343570e-01
1.076147615105031291e-01
1.136025408710317069e-01
1.197854783121743427e-01
1.261871927152096451e-01
1.328401510702124366e-01
1.397864922267174903e-01
1.470786205308084182e-01
1.547795271300507203e-01
1.629628058246784250e-01
1.717123401397582516e-01
1.811216479763000098e-01
1.912928790056672990e-01
2.023354673589399799e-01
2.143644480175277423e-01
2.274984500636962059e-01
2.418573844814825846e-01
2.575598495193476833e-01
2.747202834253241188e-01
2.934459026499384171e-01
3.138334726356104554e-01
3.359659668946042288e-01
3.599091772284991331e-01
3.857083435156065665e-01
4.133848765744313480e-01
4.429332543953752310e-01
4.743181831732199982e-01
5.074721322185827832e-01
5.422933766914238563e-01
5.786447128977458831e-01
6.163530442877999116e-01
6.552100673010179399e-01
6.949743087518889251e-01
7.353747739002545192e-01
7.761164498137070877e-01
8.168878652877844537e-01
8.573708303006248865e-01
8.972523605193195584e-01
9.362386353573695086e-01
9.740706471814772893e-01
1.010540987995599549e+00
1.045511010026089815e+00
1.078927416299578113e+00
1.110837217143086475e+00
1.141399955705490576e+00
1.170896177510200253e+00
1.199731298209809838e+00
1.228434295298101997e+00
1.257650982617703583e+00
1.288131978999367933e+00
1.320715808736317998e+00
1.356307831557827859e+00
1.395855866023875125e+00
1.440323433337740155e+00
1.490661517597131391e+00
1.547779637801748542e+00
1.612516889316305546e+00
1.685613471031961685e+00
1.767683095019825679e+00
1.859186591881231809e+00
1.960406978394365396e+00
2.071426236171582502e+00
2.192104049426530032e+00
2.322058758857470373e+00
2.460650808139563495e+00
2.606969000838089467e+00
2.759819967126309059e+00
2.917721380427492406e+00
3.078899675053053731e+00
3.241293292712593921e+00
3.402562803894797483e+00
3.560109563897611018e+00
3.711104808522161402e+00
3.852531193650178487e+00
3.981238652438030101e+00
4.094016002896037065e+00
4.187678921179828428e+00
4.259173666646856482e+00
4.305694318501871010e+00
4.324809346246706987e+00
4.314591258757824122e+00
4.273741119259486076e+00
4.201698204259102454e+00
4.098724376921725643e+00
3.965953151224379969e+00
3.805395136164030134e+00
3.619894575331650266e+00
3.413035813420376208e+00
3.189003279366634747e+00
2.952403357411470086e+00
2.708060634820212531e+00
2.460803838325066994e+00
2.215257852325177801e+00
1.975657375723351983e+00
1.745695156155792738e+00
1.528413757486904334e+00
1.326145082922109308e+00
1.140497081850972982e+00
9.723828512341649022e-01
8.220841813298396250e-01
6.893397486498831217e-01
5.734476506947956409e-01
4.733726328178524123e-01
3.878498700770312557e-01
3.154791731438322255e-01
2.548056392403809656e-01
2.043847844593230101e-01
1.628318821561727248e-01
1.288564973030443539e-01
1.012840331870116933e-01
7.906653699559572368e-02
6.128512081681614793e-02
4.714623338872122454e-02
3.597375184832917600e-02
2.719852548411267473e-02
2.034665137849245992e-02
1.502743266199496087e-02
1.092168501743091651e-02
7.770824046428957861e-03
5.366984278482209506e-03
3.544284387715457806e-03
2.171255458337689823e-03
1.144383041669367511e-03
3.826732195492190151e-04
-1.768675523657798102e-04
-5.829547009596546892e-04
-8.730618119421040000e-04
-1.075873934923117633e-03
-1.213250583623880479e-03
-1.301781252459243083e-03
-1.354007293742775066e-03
-1.379375272817181782e-03
-1.384977682699158616e-03
-1.376126974440245593e-03
-1.356798892911653676e-03
-1.329972280475582224e-03
-1.297885897689758173e-03
-1.262228782354037895e-03
-1.224278675784037321e-03
-1.185001894332737621e-03
-1.145126491811426003e-03
-1.105198003443678013e-03
-1.065623704519482601e-03
-1.026708045876183152e-03
-9.886797570693032014e-04
-9.517105842901449472e-04
-9.159265214497607161e-04
-8.814138103753698349e-04
-8.482228645906320910e-04
-8.163729358964032321e-04
-7.858588514448013387e-04
-7.566592289396988167e-04
-7.287442043539623824e-04
-7.020805593325060929e-04
-6.766332289164323031e-04
-6.523638576496741410e-04
-6.292284078469524049e-04
-6.071760804512759194e-04
-5.861508645302132775e-04
-5.660954204781083526e-04
-5.469556096006534954e-04
-5.286835568676561065e-04
-5.112378821752143867e-04
-4.945812255107075606e-04
-4.786765972977153390e-04
-4.634846442931801779e-04
-4.489633457929228643e-04
-4.350702776006730465e-04
-4.217661631124555222e-04
-4.090177400805832604e-04
-3.967983674243124562e-04
-3.850860427804534206e-04
-3.738599062469094786e-04
-3.630971042746958082e-04
-3.527716578563073937e-04
-3.428558637272250331e-04
-3.333233759300485992e-04
-3.241522204393796095e-04
-3.153260634295831422e-04
-3.068330306308500780e-04
-2.986627163918050844e-04
-2.908029940273680657e-04
-2.832383230352313237e-04
-2.759504129253078373e-04
-2.689208153068184436e-04
-2.621339801591709550e-04
-2.555790855918853321e-04
-2.492496427539716273e-04
-2.431410997111036810e-04
-2.372477503168881566e-04
-2.315606126242846202e-04
-2.260673932017133383e-04
-2.207545090421548443e-04
-2.156100260925240331e-04
-2.106258945064704512e-04
-2.057982655736880515e-04
-2.011257321086838668e-04
-1.966064616324445316e-04
-1.922357787201724568e-04
-1.880054892688027321e-04
-1.839052795365278179e-04
-1.799253956492780386e-04
-1.760591270975002517e-04
-1.723037437678099618e-04
-1.686593913857692927e-04
-1.651265624121525796e-04
-1.617035232644372799e-04
-1.583850853968279645e-04
-1.551633632741535073e-04
-1.520300790446399127e-04
-1.489791421264418660e-04
-1.460080988752420752e-04
-1.431176763808006034e-04
-1.403096857161568447e-04
-1.375844351488256397e-04
-1.349390558515887247e-04
-1.323676326013831846e-04
-1.298630448086229849e-04
-1.274194986639248578e-04
-1.250343687828073204e-04
-1.227083571977213709e-04
-1.204438995435399152e-04
-1.182426980263178692e-04
-1.161037239393243229e-04
-1.140227638950700432e-04
-1.119937369116862232e-04
-1.100110486277580441e-04
-1.080716954001575178e-04
-1.061759800248921772e-04
-1.043264642579915918e-04
-1.025257416760657085e-04
-1.007742470527286379e-04
-9.906928640280397561e-05
-9.740579925548691477e-05
-9.577842207853289470e-05
-9.418372178178026149e-05
-9.262138738171449477e-05
-9.109374369124953691e-05
-8.960386537572554864e-05
-8.815332469827530067e-05
-8.674079475686039290e-05
-8.536225544377293230e-05
-8.401267488350058711e-05
-8.268824163947757040e-05
-8.138793347032275273e-05
-8.011357868245171272e-05
-7.886838977998544636e-05
-7.765477627033848143e-05
-7.647262646161951359e-05
-7.531898367420662341e-05
-7.418927934841137734e-05
-7.307944140752478549e-05
-7.198772839160159204e-05
-7.091529830162983828e-05
-6.986521449070486999e-05
-6.884043954802781552e-05
-6.784191127548146920e-05
-6.686774126023790562e-05
-6.591396022097700802e-05
-6.497639352786006124e-05
-6.405264195593966239e-05
-6.314309414777537937e-05
-6.225043013089811173e-05
-6.137789641217530185e-05
-6.052729593081954091e-05
-5.969778302110415426e-05
-5.888610917677726330e-05
-5.808817502488048377e-05
-5.730103792931829526e-05
-5.652428460177307993e-05
-5.576003021669825849e-05
-5.501155466422038204e-05
-5.428132433212998442e-05
-5.356947476760560208e-05
-5.287357210307529518e-05
-5.218977276220209245e-05
-5.151474316054577193e-05
-5.084729435379685338e-05
-5.018884852050293290e-05
-4.954249295505764775e-05
-4.891114369128735020e-05
-4.829581914872167010e-05
-4.769495756794221725e-05
-4.710514031397871509e-05
-4.652281952777330692e-05
-4.594610763874046729e-05
-4.537565932018391686e-05
-4.481417445082246873e-05
-4.426480045342481747e-05
-4.372930635459926213e-05
-4.320701861814288370e-05
-4.269508974019756300e-05
-4.218994524594878658e-05
-4.168911775890974026e-05
-4.119247246753743232e-05
-4.070216435239485032e-05
-4.022135844138367068e-05
-3.975241391254308998e-05
-3.929551860303883809e-05
-3.884851034047449495e-05
-3.840797425902549192e-05
-3.797101385922009294e-05
-3.753673254976948911e-05
-3.710662521691930664e-05
-3.668367447088167988e-05
-3.627064880239232137e-05
-3.586852899298465278e-05
-3.547591398612896330e-05
-3.508972196583268042e-05
-3.470679918078262318e-05
-3.432555989314007102e-05
-3.394676920987920620e-05
-3.357304990458912669e-05
-3.320738774241631554e-05
-3.285145046304771002e-05
-3.250463172506016753e-05
-3.216433348652359873e-05
-3.182732675372071168e-05
-3.149144764786662427e-05
-3.115670840529896461e-05
-3.082522497808371295e-05
-3.050000704008315949e-05
-3.018327197504453192e-05
-2.987519844959118289e-05
-2.957379207675944310e-05
-2.927592976682231326e-05
-2.897901073011309206e-05
-2.868231674130162449e-05
-2.838734659081964065e-05
-2.809694909528607625e-05
-2.781373060941055237e-05
-2.753860324892473381e-05
-2.727025926963677055e-05
-2.700585132448446229e-05
-2.674250384450533493e-05
-2.647883270177818314e-05
-2.621565011757032485e-05
-2.595547724777660139e-05
-2.570113455168013099e-05
-2.545417801376191453e-05
-2.521402888403817967e-05
