-1.902846999659318989e-05
-9.722189977699241179e-05
-1.246043216707217447e-04
-8.461655323374054803e-05
2.675412193942360908e-06
9.057044763949465363e-05
1.306888706001115669e-04
9.957202954615671463e-05
1.231330756736408985e-05
-8.465971741677056608e-05
-1.382655545054018462e-04
-1.178070720362228989e-04
-3.249485677708658515e-05
7.251595789662715048e-05
1.399876361186325950e-04
1.317691084548697645e-04
5.031150422694231065e-05
-6.157789881732319203e-05
-1.431977918539975114e-04
-1.488667900293393867e-04
-7.345516261619110937e-05
4.371330702221731460e-05
1.393115540558139049e-04
1.602041694684373026e-04
9.293634303162586993e-05
-2.782911625966161392e-05
-1.371176460987432952e-04
-1.745806175194475221e-04
-1.177933992938402764e-04
4.440636120852161777e-06
1.266100043956501129e-04
1.815673295519079167e-04
1.373945358542309346e-04
1.583855805397441278e-05
-1.182841588190081507e-04
-1.916224618910505970e-04
-1.623835853130950230e-04
-4.408692763269729103e-05
1.004849989073133739e-04
1.925562052140801625e-04
1.802400575410499368e-04
6.770853899044322946e-05
-8.571849426077157426e-05
-1.968038333185526774e-04
-2.035284170121697163e-04
-9.967484824826711306e-05
6.039769315302942455e-05
1.901358795683094302e-04
2.175463238863845842e-04
1.250848884446944382e-04
-3.939445653934907956e-05
-1.873426412052419884e-04
-2.371609097958694867e-04
-1.591729724501701802e-04
6.837524149529146148e-06
1.718109314603759221e-04
2.451337130601209040e-04
1.843502850246892162e-04
1.961581889256154622e-05
-1.611358859064967563e-04
-2.590970636800363582e-04
-2.185701656077821970e-04
-5.856093826971842553e-05
1.358923535028664167e-04
2.588423000132278697e-04
2.410952497215446935e-04
8.905475070166332641e-05
-1.170186204703536139e-04
-2.653276416980667428e-04
-2.731601375085328741e-04
-1.329659480540829096e-04
8.174136379646155853e-05
2.548360553384413328e-04
2.903165951022840100e-04
1.654615995261256235e-04
-5.499134426073691090e-05
-2.523339058016787107e-04
-3.177742813575293941e-04
-2.123705269069515295e-04
9.972443940790857040e-06
2.299218609402488712e-04
3.266784746215532190e-04
2.442311627011880528e-04
2.360101863558757978e-05
-2.174097771885318518e-04
-3.470728876839375594e-04
-2.916934538757669812e-04
-7.740054185915239376e-05
1.818647506575051280e-04
3.448250015622998698e-04
3.197513549375937563e-04
1.159531849535475463e-04
-1.589716063756105237e-04
-3.558820088109234184e-04
-3.649596910165906144e-04
-1.768886009950967517e-04
1.096799856772668762e-04
3.397294822406551635e-04
3.856171602244712142e-04
2.177578420360849374e-04
-7.683674230754947469e-05
-3.395598585498068971e-04
-4.255557018404915268e-04
-2.835319296263784329e-04
1.388305779553975778e-05
3.070621473210372954e-04
4.349132401658695472e-04
3.232449497304551791e-04
2.754647158594654256e-05
-2.943742492851034349e-04
-4.665502355290769652e-04
-3.909893000994115277e-04
-1.033194467709512668e-04
2.435561152006993188e-04
4.605523393022586303e-04
4.253032164069480564e-04
1.509316509957499644e-04
-2.178715003625755254e-04
-4.810666546640456217e-04
-4.917121306532995376e-04
-2.379119788118762703e-04
1.473503753913361024e-04
4.556517628457251788e-04
5.156785421895744787e-04
2.881799674973745942e-04
-1.092178101197443401e-04
-4.626891295157216214e-04
-5.771969745649172456e-04
-3.840344594587094171e-04
1.828895681468648715e-05
4.139257469358762062e-04
5.852369010122963943e-04
4.322414953907087985e-04
3.050336738056084749e-05
-4.058823747472776848e-04
-6.383040451538002065e-04
-5.340324982422308244e-04
-1.418428344596009340e-04
3.300674395612994915e-04
6.242706443996109402e-04
5.742064744703083770e-04
1.980493462993333667e-04
-3.064034638349866549e-04
-6.656232128440764092e-04
-6.785898218878334571e-04
-3.291612688141033706e-04
2.000900667679840895e-04
6.228167993615496036e-04
7.034084036559553254e-04
3.878346453632898136e-04
-1.616850535599325387e-04
-6.498626623532551081e-04
-8.069308971068381168e-04
-5.376183006156131467e-04
2.159175392033115369e-05
5.709419674958769730e-04
8.075434685815140613e-04
5.917957910850120537e-04
2.882766363066584554e-05
-5.822283289535143402e-04
-9.070709140273283807e-04
-7.590339284110716490e-04
-2.060990925097252557e-04
4.589279835948533847e-04
8.727451125095653239e-04
7.992751293237524519e-04
2.633999267379041800e-04
-4.547506482737129988e-04
-9.660725154265535457e-04
-9.832242270357905486e-04
-4.819503110307767958e-04
2.772646833097856464e-04
8.835198312744648808e-04
9.968770840167132542e-04
5.378185269349580354e-04
-2.604664756886867333e-04
-9.701994089026231725e-04
-1.198153290550432867e-03
-8.034198447717306362e-04
1.641156442532891278e-05
8.225405911681207176e-04
1.168426929871191951e-03
8.456281518189606846e-04
7.099541142162080513e-06
-9.042419649111405359e-04
-1.389281524026275737e-03
-1.165901619205248277e-03
-3.325762253433035961e-04
6.717795580783448824e-04
1.297165454235535333e-03
1.181811949348461665e-03
3.591867240860217728e-04
-7.449520003968765477e-04
-1.532028980584191919e-03
-1.554225633038090705e-03
-7.679184490039070009e-04
4.256292396323703843e-04
1.383535439157745732e-03
1.566600854333494598e-03
8.421632068672230522e-04
-4.244355752712195202e-04
-1.549483236581107506e-03
-1.894499285409458013e-03
-1.221342254249998269e-03
1.576836399229057770e-04
1.527218579110686163e-03
2.146461022298895484e-03
1.659512898909465883e-03
3.133244221134107101e-04
-1.146825916644116485e-03
-1.862912908358527490e-03
-1.332062425388385067e-03
2.979275934480490255e-04
2.278675168291588535e-03
3.648838060388561507e-03
3.764396698671299349e-03
2.686851150621435112e-03
1.206522499789265549e-03
4.665721376918221955e-04
1.372149648811463998e-03
4.099868242583511006e-03
7.988326621914496051e-03
1.189913187517786970e-02
1.488461595114866538e-02
1.681793639179650010e-02
1.863738636684342601e-02
2.204401209844216239e-02
2.878139563125545891e-02
3.986801221007966328e-02
5.521046979970595930e-02
7.385423102542590379e-02
9.480183575019530962e-02
1.180112548433818881e-01
1.450509275644725760e-01
1.790220735690183085e-01
2.237148355429852964e-01
2.823723771461305598e-01
3.566840393733477499e-01
4.465690746371346886e-01
5.509480903316663625e-01
6.691905393723763806e-01
8.025224441689328136e-01
9.545964534526070189e-01
1.130739568454336652e+00
1.335984137159904162e+00
1.572590494623901547e+00
1.838094805210844562e+00
2.124787474726608227e+00
2.420975856603712728e+00
2.713641303995345755e+00
2.991496490272855802e+00
3.247263139903669327e+00
3.478316555397840126e+00
3.685542267576899622e+00
3.871010596504499190e+00
4.035556546032546876e+00
4.177343094741978291e+00
4.291999166813495137e+00
4.374190385737226627e+00
4.419839785812016864e+00
4.427954661965029182e+00
4.401239417217634120e+00
4.345260901476966531e+00
4.266597794973167268e+00
4.170839858274500322e+00
4.061317645172857205e+00
3.939053626528144836e+00
3.803834363918277006e+00
3.655796729704222869e+00
3.496730021242690611e+00
3.330489351645391949e+00
3.162377597310382704e+00
2.997847578909577759e+00
2.841167266103507671e+00
2.694655716095297748e+00
2.558777852674849917e+00
2.432957225900674647e+00
2.316642229264079589e+00
2.210089899134184854e+00
2.114524850223204577e+00
2.031670966057301353e+00
1.962959722926280737e+00
1.908843274383106081e+00
1.868538366266254025e+00
1.840272562833420888e+00
1.821842163777050994e+00
1.811157858750900296e+00
1.806507176987391272e+00
1.806456664571687076e+00
1.809534155299391101e+00
1.813950647490499835e+00
1.817581675049555701e+00
1.818260144433319958e+00
1.814237007082925457e+00
1.804555594195162316e+00
1.789122293291519616e+00
1.768419237709282665e+00
1.743002255848094650e+00
1.713049059212530256e+00
1.678200136364371930e+00
1.637778916353347602e+00
1.591272347081971850e+00
1.538809237994855028e+00
1.481369740862044981e+00
1.420598334311112598e+00
1.358301144380910097e+00
1.295875696516097797e+00
1.233958490487647497e+00
1.172463368435036291e+00
1.110980925593906266e+00
1.049322920808776871e+00
9.879232005665365968e-01
9.278849710879701895e-01
8.706509328122994384e-01
8.174692244532179020e-01
7.689318703698968527e-01
7.248208997258032138e-01
6.843345495595964945e-01
6.465688403409569629e-01
6.110015149272295387e-01
5.777311403073565055e-01
5.473580602273009355e-01
5.205831230668976906e-01
4.977447152990081003e-01
4.785403120817022238e-01
4.620752324126821686e-01
4.472061852726522124e-01
4.329941927533051960e-01
4.190302179865096344e-01
4.054713739272436390e-01
3.927831338798186134e-01
3.813380572367840449e-01
3.710922751176491396e-01
3.615122090193965687e-01
3.517848203438656562e-01
3.411914813809137081e-01
3.294403009288671691e-01
3.167783064488630673e-01
3.038265446167001116e-01
2.912307964444276753e-01
2.793175655970241422e-01
2.679384334372356680e-01
2.565812914186089699e-01
2.446822137033490552e-01
2.319651129264738709e-01
2.186243153115851878e-01
2.052526334439410127e-01
1.925558832713307467e-01
1.810090680907691929e-01
1.706387206797075062e-01
1.610457413823581374e-01
1.516525824114727805e-01
1.420386470864628270e-01
1.321824704661808958e-01
1.224818529038853299e-01
1.135440621575560111e-01
1.058617307440938016e-01
9.954992141306277798e-02
9.428480982239254016e-02
8.947459350106541642e-02
8.456844678168495832e-02
7.933666911911332886e-02
7.397285922839773320e-02
6.896630515589941002e-02
6.481658115136421094e-02
6.174589822735305350e-02
5.956383126049868276e-02
5.775526460118582395e-02
5.574176712488896485e-02
5.317427604777131417e-02
5.010005787028230795e-02
4.691639425484819825e-02
4.413893994406992843e-02
4.211166989121597343e-02
4.081490240541832404e-02
3.987309638469162254e-02
3.875547066872272323e-02
3.705899520833496469e-02
3.472045756464385569e-02
3.204435542487603372e-02
2.953375936745035110e-02
2.761735067711391933e-02
2.642051049182154304e-02
2.570286132201388477e-02
2.499369249524920414e-02
2.384991448368457140e-02
2.209618007684205007e-02
1.991805180494455457e-02
1.775966297905427066e-02
1.608309261328218567e-02
1.512047205990536478e-02
1.475231769018960082e-02
1.457619183001085394e-02
1.412665524968981581e-02
1.312645582696790776e-02
1.163336681329574240e-02
1.000471154305761397e-02
8.700605582424636442e-03
8.033591531471305849e-03
8.000115850267908515e-03
8.283846490918152575e-03
8.427366823593348405e-03
8.078115270659574909e-03
7.175370543218981441e-03
5.978144323699512847e-03
4.920526458870188094e-03
4.374122651365807898e-03
4.446521483656447511e-03
4.924085963872852113e-03
5.388565219963461182e-03
5.443064956755374641e-03
4.924567548247399222e-03
3.988566976121841155e-03
3.021357338610187321e-03
2.428817222925658183e-03
2.416669506467310560e-03
2.880762955304450382e-03
3.465551003080880044e-03
3.757740596773168074e-03
3.509485443626173679e-03
2.770481143747598012e-03
1.858484981782503910e-03
1.185525154464627277e-03
1.034752341124350883e-03
1.408712341213399447e-03
2.030288002911830383e-03
2.494532834016125952e-03
2.488234328637502386e-03
1.958184646929530745e-03
1.137773587870439737e-03
4.186870523593678702e-04
1.381772051636103729e-04
3.973714805967664722e-04
1.008432696751570363e-03
1.598086817446920565e-03
1.810435276652453979e-03
1.498823954054571278e-03
8.032877801083250198e-04
7.263311568796198452e-05
-3.256128688649944638e-04
-2.039507988309076153e-04
3.450084924697685248e-04
1.000438926523088048e-03
1.388047445721101846e-03
1.282436824050594984e-03
7.276206895582711630e-04
1.120188002794154565e-05
-4.928043844620618027e-04
-5.267006858433696814e-04
-8.759255161898703073e-05
5.727136620144120159e-04
1.085389136322794604e-03
1.164536965222776358e-03
7.610030916317411537e-04
8.727917956049672285e-05
-4.990886300333780782e-04
-6.896650632265866228e-04
-3.914698435007114732e-04
2.241720854807100968e-04
8.158938297754616013e-04
1.057809541608692623e-03
8.154809563483838859e-04
2.173218492781596814e-04
-4.164711645888109141e-04
-7.481620418248001577e-04
-6.051004539060881888e-04
-7.200164284661463509e-05
5.564186974593485603e-04
9.359982719357197705e-04
8.594190689049608853e-04
3.674114411602370811e-04
-2.747668511769625903e-04
-7.220541190017971001e-04
-7.365739407847645684e-04
-3.155837860090156635e-04
3.084168501176775298e-04
7.947256358752333594e-04
8.792198543375445968e-04
5.166746918104196673e-04
-9.606001298786887618e-05
-6.278678004734701123e-04
-7.931380707760575218e-04
-5.059211757484394527e-04
7.471778140629400965e-05
6.320529664735648331e-04
8.637987404750040524e-04
6.454526694110594882e-04
9.662613784182253005e-05
-4.849648991320032270e-04
-7.854422555822084115e-04
-6.445702050408895576e-04
-1.415764270536010606e-04
4.489605531066526937e-04
8.066154202444383164e-04
7.386202031173152299e-04
2.834305351646740660e-04
-3.112779423825801149e-04
-7.236317255227183711e-04
-7.320058493060047381e-04
-3.343631618216676756e-04
