9.999999969738789796e-01
9.661494985849758965e-01
8.057806166273460136e-01
1.276493825022795292e-02
8.711232909067445629e-03
4.326915476431257290e-01
5.537017249752751447e-03
4.984913882714658850e-03
3.078605025163250186e-01
9.783955422091095144e-03
1.336077835762050636e-01
2.134814680251395647e-03
2.559331136065046142e-03
2.458193296923205651e-03
1.640617427326240829e-03
2.349789211631836405e-02
3.602446716201931354e-01
1.476175322307134996e-01
1.214429881267142797e-01
2.441171627510931863e-01
1.046336084761039786e-01
1.193219056173523973e-01
1.381794833001034339e-01
3.914816859676884531e-01
2.093315975593390554e-01
4.366849980705258538e-01
