-9.425210640714597101e-05
-2.088750418144437752e-04
-2.089982559897478798e-04
-9.098738131943285873e-05
8.383837574384182193e-05
2.210738480514416141e-04
2.442643818631324822e-04
1.375427108319901310e-04
-4.387481484403796115e-05
-2.020456624843090365e-04
-2.490057194020633708e-04
-1.554829230851735382e-04
3.132612442113743976e-05
2.115822175530896463e-04
2.862818508091628062e-04
2.117706029676253603e-04
2.530650981640148166e-05
-1.732020469664394854e-04
-2.744399094074994661e-04
-2.195644586271644852e-04
-3.394685042475830024e-05
1.845037921487288602e-04
3.172383457817553481e-04
2.897175974380488935e-04
1.135887024515200175e-04
-1.174144559226667915e-04
-2.768242053353974527e-04
-2.741004630655480322e-04
-1.053485690910498736e-04
1.422701288700413793e-04
3.360746144155678564e-04
3.696143588423054138e-04
2.218668436567233727e-04
-2.898840192079787996e-05
-2.459660858689606739e-04
-3.070325556287318777e-04
-1.725401739810552822e-04
9.088687148797169597e-05
3.442550942917988865e-04
4.507331761477382506e-04
3.508877966445155764e-04
9.730074384459559906e-05
-1.714789253356359964e-04
-3.048643410586522541e-04
-2.226283838342218090e-04
3.928500330257946992e-05
3.456169206893916750e-04
5.336220499444983877e-04
5.017849858482362896e-04
2.671170059356254558e-04
-4.121386805200145432e-05
-2.499959556152169297e-04
-2.359486782149832905e-04
5.409897790000118055e-06
3.544376827724194756e-04
6.300708055209160727e-04
6.877938778431791356e-04
4.999511198764004707e-04
1.738730724002337646e-04
-1.036516916458545494e-04
-1.668722397144424259e-04
3.753462763396148269e-05
4.185690310357038837e-04
7.874606808841577840e-04
9.590199281450602397e-04
8.534845313643697707e-04
5.429719110667835958e-04
2.156984474390529383e-04
7.561214223266819604e-05
2.309588598476162513e-04
6.326685583138868434e-04
1.097576767785128507e-03
1.405785808178847953e-03
1.420527553376903750e-03
1.165297422042037420e-03
8.149040676418797032e-04
6.032705541876028608e-04
6.965699335558880488e-04
1.100469793617904653e-03
1.653203978550155410e-03
2.110348059198881646e-03
2.277006342175659590e-03
2.116041131458835933e-03
1.772398744326487280e-03
1.498170245343084664e-03
1.517109019416489893e-03
1.901473661579895346e-03
2.529063562974471092e-03
3.145966621042873852e-03
3.503171164132625696e-03
3.493909353370677241e-03
3.216427245369417060e-03
2.925952207365408592e-03
2.899517731785303254e-03
3.285668582169747574e-03
4.021105610395772634e-03
4.861608500465594215e-03
5.513051619876445895e-03
5.793089049008050620e-03
5.735571543077203939e-03
5.579014307931135647e-03
5.642580955492825824e-03
6.154812469306196292e-03
7.127837100853524899e-03
8.347129436869445140e-03
9.485244692229026151e-03
1.028017844174494537e-02
1.068210060643687460e-02
1.088717678303975991e-02
1.123709516772332037e-02
1.203603200164959225e-02
1.338335612820438017e-02
1.511420490610660382e-02
1.688322775868706174e-02
1.834918324669272335e-02
1.936171725671841440e-02
2.004797324249314033e-02
2.074903324417289377e-02
2.183728030704268352e-02
2.351188503828306395e-02
2.568412941402522381e-02
2.801791713101459136e-02
3.010743410039246754e-02
3.169826655047943559e-02
3.283202285224427058e-02
3.383331116607087713e-02
3.514222354453706842e-02
3.708025969849330916e-02
3.967644388431226105e-02
4.265076484248479793e-02
4.556842203387346385e-02
4.808508138677942273e-02
5.015126769219333674e-02
5.206276824527406033e-02
5.432512091042620422e-02
5.740112584516127159e-02
6.147616652142577631e-02
6.636997574193770344e-02
7.164677340420182172e-02
7.686851886497524100e-02
8.185618878044441382e-02
8.681591805081428914e-02
9.225686579893707662e-02
9.873958056886332491e-02
1.065873523116329796e-01
1.157168152738727585e-01
1.256830351667092005e-01
1.359195907948571036e-01
1.460470583362362129e-01
1.560826137096088806e-01
1.664332249873707037e-01
1.776703183441419864e-01
1.902034819149255318e-01
2.040293359233254222e-01
2.186954263810103882e-01
2.335051648400708890e-01
2.478586531547724292e-01
2.615470881836444716e-01
2.748391217841005263e-01
2.883074760964742800e-01
3.024855394152228261e-01
3.175399029988590360e-01
3.331416805718516172e-01
3.486157042740081202e-01
3.632962201330722785e-01
3.769017316066937684e-01
3.897249975817935197e-01
4.025292508026425131e-01
4.161998866715632683e-01
4.313372996646633872e-01
4.480153742756409763e-01
4.658464750257457210e-01
4.843291063487160653e-01
5.032962085256262874e-01
5.232175432500920653e-01
5.451780116450317681e-01
5.705230035973501979e-01
6.003435447430445215e-01
6.350693477481715865e-01
6.743912920247706611e-01
7.175657997769941954e-01
7.639488159866427708e-01
8.134761737846307739e-01
8.668238352080076536e-01
9.251426558679174406e-01
9.894866864377532822e-01
1.060223335014302659e+00
1.136735106894738223e+00
1.217579452557047803e+00
1.301036499472605357e+00
1.385767500405025832e+00
1.471240949882765214e+00
1.557697702065128587e+00
1.645665202199627197e+00
1.735270467084095491e+00
1.825714577542601136e+00
1.915195354250917470e+00
2.001336092528342547e+00
2.081915240122628852e+00
2.155533579005403322e+00
2.221887203033603431e+00
2.281521650431978632e+00
2.335216379265109055e+00
2.383343776807071546e+00
2.425558256252993594e+00
2.460991774654570641e+00
2.488858282442222514e+00
2.509149286201557860e+00
2.523055964315275901e+00
2.532905922295646040e+00
2.541670485250778100e+00
2.552331893194110357e+00
2.567466266705968003e+00
2.589257108004355157e+00
2.619882699502645185e+00
2.661974729233046677e+00
2.718773164937570375e+00
2.793759062491574685e+00
2.889857159788166818e+00
3.008592079274187370e+00
3.149679406523378855e+00
3.311355777738268724e+00
3.491370908486426394e+00
3.688174165074454169e+00
3.901650060457271696e+00
4.132917172882877743e+00
4.383155196831160616e+00
4.651951858584403965e+00
4.935987357210646742e+00
5.228800711132417511e+00
5.521905731212608082e+00
5.806854376700997911e+00
6.077314451320503963e+00
6.330127673009483757e+00
6.564736409416736862e+00
6.781143658669762431e+00
6.977335544523299404e+00
7.147458779131914852e+00
7.281790133989247238e+00
7.368739456871010063e+00
7.398147491163312495e+00
7.364447271418660179e+00
7.268214879859766775e+00
7.115306455125352869e+00
6.913881905113850479e+00
6.670643056354211176e+00
6.388065617560314102e+00
6.064033012074513174e+00
5.694220887476665993e+00
5.276301876140401248e+00
4.814130594607805236e+00
4.319964670047776956e+00
3.813551436142763595e+00
3.318230105632403060e+00
2.855478325323546951e+00
2.439997297251992769e+00
2.077187451278482033e+00
1.763836197383946924e+00
1.491493193273193629e+00
1.250949846290168255e+00
1.035922367394212840e+00
8.445629859658561056e-01
6.785071657064696282e-01
5.402824609866296868e-01
4.305483399998779048e-01
3.465475335720291650e-01
2.824271855093764549e-01
2.311212521043075063e-01
1.867516364083452729e-01
1.463373069645164948e-01
1.100357901543886768e-01
7.992282614921994432e-02
5.803536892354504290e-02
4.471025622662710974e-02
3.802228001773785837e-02
3.451147630712507464e-02
3.072325671331041855e-02
2.470499790556887273e-02
1.668270509462160475e-02
8.612374499879003539e-03
2.899333069868913638e-03
9.916544748827423039e-04
2.579427418598673975e-03
5.778022335108048795e-03
8.142920046823941965e-03
7.939443365665415503e-03
4.987353032031809422e-03
6.559220602024237474e-04
-2.949996781542971267e-03
-4.149986223378429942e-03
-2.569865950386099850e-03
7.062652898275745663e-04
3.762848337643712095e-03
4.895797245470905230e-03
3.504030410759257762e-03
3.639330673225825538e-04
-2.835583802811425438e-03
-4.424577746478342531e-03
-3.640312377305872024e-03
-1.003090429093318921e-03
2.002180885164339067e-03
3.746678207846148960e-03
3.328600002450917642e-03
1.030121398602692464e-03
-1.869649007242952469e-03
-3.806707626935266608e-03
-3.774812665125456233e-03
-1.846512389222228689e-03
8.956582253852512837e-04
2.964634590013235597e-03
3.273569886310887141e-03
1.705529447611653588e-03
-8.494398500463104778e-04
-2.995816306604593381e-03
-3.591354535492914061e-03
-2.351637507345495214e-03
1.857533722631509709e-05
2.225920379876184917e-03
3.094273022072109147e-03
2.191515054819164181e-03
4.399166191393936244e-05
-2.166703499653440008e-03
-3.250941750324038391e-03
-2.648506647502292359e-03
-7.153829656437885390e-04
1.486184460713402527e-03
2.771611274984429104e-03
2.471521360727202410e-03
7.803755387965296718e-04
-1.364822299562649987e-03
-2.801527892963306867e-03
-2.769647396638085304e-03
-1.311790132269060249e-03
7.645165997612917612e-04
2.334273964415545244e-03
2.564668805350077841e-03
1.357003234379973401e-03
-6.132098238296697151e-04
-2.272454307796234821e-03
-2.732627818977938477e-03
-1.764989965412092944e-03
8.793716726837704151e-05
1.816575837436443719e-03
2.494426940381727891e-03
1.774699034077612935e-03
6.753878561909387073e-05
-1.692297564941652212e-03
-2.556119997932103198e-03
-2.071636724416247438e-03
-5.186973109806158628e-04
1.252125562839778456e-03
2.285446780301827931e-03
2.036532526819537833e-03
6.584598479947605847e-04
-1.090160812838768690e-03
-2.261896135353891075e-03
-2.232969211019061612e-03
-1.034528500276145433e-03
6.730112817674855892e-04
1.963915794442658031e-03
2.149014364098154276e-03
1.143632725375497844e-03
-4.946690193197378566e-04
-1.874581952654999755e-03
-2.255276890538079979e-03
-1.443491290081579505e-03
1.091967511947608305e-04
1.557552461388663845e-03
2.122797868828831848e-03
1.511355396155371995e-03
6.722129924093113256e-05
-1.420916790192560189e-03
-2.149857832710253425e-03
-1.734878585389905848e-03
-4.122629320622159732e-04
1.095097211424134230e-03
1.972800306898902806e-03
1.754928852712575680e-03
5.713568045254494845e-04
-9.287729614805731275e-04
-1.932630232063394394e-03
-1.903685860482439438e-03
-8.680611627580143638e-04
6.054773278287855923e-04
1.717875870313811254e-03
1.873077059096124597e-03
9.973953141532612265e-04
-4.260398153508501685e-04
-1.623458240149181506e-03
-1.950703242668406666e-03
-1.239417636914201537e-03
1.167931907640659933e-04
1.380148200382271201e-03
1.870027041051020456e-03
1.329633011474199832e-03
6.054244690433893835e-05
-1.245246538465613661e-03
-1.882338106532475226e-03
-1.512707135072420333e-03
-3.447579648053875523e-04
9.840920172446102499e-04
1.755272746461106464e-03
1.557606634153062101e-03
5.065219843751926979e-04
-8.228626063088766368e-04
-1.710169987515979895e-03
-1.679878163456202450e-03
-7.559260180749331239e-04
5.554451000937354974e-04
1.543051665406751762e-03
1.676437899771154308e-03
8.907771822808889907e-04
-3.819510510543406624e-04
-1.450257183550869968e-03
-1.738622503779408378e-03
-1.097341312043466962e-03
1.200282299588639458e-04
1.251571976485206647e-03
1.686901169673454956e-03
1.196399398163230368e-03
5.229220130432383020e-05
-1.122229648138372811e-03
-1.692276632283464454e-03
-1.354273760045082231e-03
-2.974518906313938392e-04
9.020376085515434232e-04
1.595210458475968245e-03
1.411365706196938095e-03
4.563175567921194382e-04
-7.482153165973935835e-04
-1.549454367202084083e-03
-1.517168867599452513e-03
-6.745454437511112962e-04
5.175272370242295014e-04
1.412537324035074331e-03
1.528963738502169076e-03
8.093256996661527675e-04
-3.516565069854116557e-04
-1.323427051519893887e-03
-1.581927299677090767e-03
-9.920826425496246520e-04
1.217896729242809499e-04
1.154285960228300855e-03
1.547945310801784923e-03
1.094218313632286041e-03
4.392083499583308284e-05
-1.031282735702337061e-03
-1.549910733575784148e-03
-1.235020321426384508e-03
-2.619783960651122980e-04
8.391651016700325339e-04
1.472401057823376647e-03
1.298345131336831396e-03
4.161197605227491114e-04
-6.929086902690530713e-04
-1.427673049117350991e-03
-1.393066068360717573e-03
-6.123061994275897464e-04
4.881073847601859997e-04
1.311364025807783404e-03
1.414008555154293431e-03
7.448027026343219566e-04
-3.298516309980196602e-04
-1.226431779953313789e-03
-1.461047119050021183e-03
-9.105114219127769838e-04
1.230949783467206917e-04
1.078165263125988515e-03
1.438700791407055563e-03
1.013080286099227179e-03
3.588316170828314552e-05
-9.613094561530833313e-04
-1.439005884025091123e-03
-1.141595375949133609e-03
-2.340448509692466311e-04
7.895781144820463284e-04
1.375063411192014185e-03
1.208107306320085547e-03
3.830294081595861616e-04
-6.503872855045599814e-04
-1.332019423607984452e-03
-1.294924399977649557e-03
-5.628093019507697786e-04
4.647994238227097356e-04
1.230574672349059578e-03
1.321645537785020707e-03
6.921901082207101421e-04
-3.136238945596648577e-04
-1.149755605490392334e-03
-1.364663271108655825e-03
-8.450921615358763421e-04
1.243245633729330596e-04
1.016984954580932169e-03
1.350366157727517658e-03
9.468406391030005642e-04
2.830095214476364743e-05
-9.057932412806848910e-04
-1.349940434983592759e-03
-1.066101780489568445e-03
-2.112213393594810978e-04
