-1.298759210949205672e-06
-1.326205946447971876e-06
-1.355383993382537903e-06
-1.386148655010141260e-06
-1.417771133135094770e-06
-1.449329751968622057e-06
-1.480219045960070320e-06
-1.510499202637304251e-06
-1.540888504035865230e-06
-1.572392788428294655e-06
-1.605766062717244068e-06
-1.641095013859107044e-06
-1.677740017148872442e-06
-1.714675080891045724e-06
-1.751050325275077299e-06
-1.786673018681873526e-06
-1.822139777685683621e-06
-1.858537579454611818e-06
-1.896866713594250634e-06
-1.937496207244835281e-06
-1.979952693252879482e-06
-2.023167955984167870e-06
-2.066060944335759409e-06
-2.108142447659341576e-06
-2.149809930410771979e-06
-2.192162012203067894e-06
-2.236422263778944906e-06
-2.283279541918357804e-06
-2.332506012282734415e-06
-2.383070372946745444e-06
-2.433696638343092358e-06
-2.483572191749133995e-06
-2.532819063055242146e-06
-2.582462969180774276e-06
-2.633904485100052760e-06
-2.688170947369649106e-06
-2.745355412632293625e-06
-2.804556182722997130e-06
-2.864362668788333297e-06
-2.923633755809216735e-06
-2.982147531206481588e-06
-3.040761637693747335e-06
-3.100983975123489395e-06
-3.164175543832531777e-06
-3.230815105466088455e-06
-3.300231815412310306e-06
-3.370964346682431622e-06
-3.441564127093953533e-06
-3.511411510300599704e-06
-3.581096163361154159e-06
-3.652141911432835353e-06
-3.726211684334420923e-06
-3.804217510375344996e-06
-3.885822924370900338e-06
-3.969620912673872856e-06
-4.053905625368279576e-06
-4.137627486637786123e-06
-4.221010694320498579e-06
-4.305485468612302244e-06
-4.392956138805065049e-06
-4.484792003529413942e-06
-4.581089527695561308e-06
-4.680618106193648625e-06
-4.781495317862610453e-06
-4.882237415124031367e-06
-4.982616090019355632e-06
-5.083845789379966602e-06
-5.187982945009188184e-06
-5.296849182570708510e-06
-5.411059681480631398e-06
-5.529693573121099510e-06
-5.650802639582774027e-06
-5.772498067229603610e-06
-5.894031023872287456e-06
-6.016272654292387738e-06
-6.141315620426662656e-06
-6.271396024255568241e-06
-6.407712965536796957e-06
-6.549792661921627658e-06
-6.695759532709390590e-06
-6.843386191272806419e-06
-6.991362916194997401e-06
-7.140093512347051224e-06
-7.291568940374536982e-06
-7.448366982806738315e-06
-7.612308047792847421e-06
-7.783498616535084429e-06
-7.960297535843515956e-06
-8.140245116617897170e-06
-8.321466315906679063e-06
-8.503787190402626225e-06
-8.688943932997314861e-06
-8.879748609045315751e-06
-9.078646501847101354e-06
-9.286444752402333303e-06
-9.501915827617053712e-06
-9.722514390115572969e-06
-9.945839131099250548e-06
-1.017105270754692789e-05
-1.039947768681035459e-05
-1.063402158089714775e-05
-1.087772025127868055e-05
-1.113218083832328035e-05
-1.139677889991315879e-05
-1.166906939384146375e-05
-1.194621391250460943e-05
-1.222666268391050920e-05
-1.251117179041735527e-05
-1.280258034754885194e-05
-1.310444138478108427e-05
-1.341923334127712877e-05
-1.374712711004673709e-05
-1.408600080517042786e-05
-1.443272395859602213e-05
-1.478503451969072855e-05
-1.514298959872491226e-05
-1.550918133989067786e-05
-1.588756998661854106e-05
-1.628154413472700763e-05
-1.669225838351938595e-05
-1.711817106857136813e-05
-1.755606603958006053e-05
-1.800303192655303567e-05
-1.845833222278197419e-05
-1.892413383370947905e-05
-1.940466556280231566e-05
-1.990423261921358931e-05
-2.042515399794241098e-05
-2.096675826458652199e-05
-2.152601796264395253e-05
-2.209951413357103006e-05
-2.268568175622001745e-05
-2.328610610647807941e-05
-2.390513269909444520e-05
-2.454796487771241043e-05
-2.521826139868618940e-05
-2.591654756762727812e-05
-2.664033802445565078e-05
-2.738594805767244673e-05
-2.815103847047351293e-05
-2.893651012730709079e-05
-2.974668780506217207e-05
-3.058764976036002891e-05
-3.146457909217395538e-05
-3.237957564794066760e-05
-3.333115055344209866e-05
-3.431572863306189179e-05
-3.533038412356085593e-05
-3.637533388358094250e-05
-3.745480740208025685e-05
-3.857577298355048838e-05
-3.974517008308529051e-05
-4.096714076723621513e-05
-4.224179424638403187e-05
-4.356623298059973356e-05
-4.493733892919629322e-05
-4.635483208384850936e-05
-4.782292234925588828e-05
-4.934960776137497026e-05
-5.094394801867873317e-05
-5.261277206196247490e-05
-5.435863306956676365e-05
-5.618018564411360788e-05
-5.807485314257088485e-05
-6.004238201002031546e-05
-6.208734911553157217e-05
-6.421921278481334541e-05
-6.644981877301173873e-05
-6.878968089296694937e-05
-7.124507482183396322e-05
-7.381759396259154177e-05
-7.650650081049389418e-05
-7.931266723699752165e-05
-8.224197942055801679e-05
-8.530631573118099961e-05
-8.852149503915768508e-05
-9.190325602116373256e-05
-9.546345351960695044e-05
-9.920860385176535998e-05
-1.031416695074437412e-04
-1.072661962595106632e-04
-1.115905723900331920e-04
-1.161300309023139798e-04
-1.209051826164379172e-04
-1.259377445679792497e-04
-1.312456927480772670e-04
-1.368404385047107573e-04
-1.427275561100987706e-04
-1.489106217708392787e-04
-1.553959261314686463e-04
-1.621952005270930195e-04
-1.693244389348298013e-04
-1.767989313988691197e-04
-1.846266526774837183e-04
-1.928030370041833720e-04
-2.013093762070225859e-04
-2.101149823070650228e-04
-2.191809761449703008e-04
-2.284623615079853264e-04
-2.379056208394556438e-04
-2.474411487300015589e-04
-2.569722844618689962e-04
-2.663641134867497282e-04
-2.754346872569093875e-04
-2.839489946637677046e-04
-2.916130276764670494e-04
-2.980631317858235146e-04
-3.028455806543746171e-04
-3.053829478572199431e-04
-3.049262237253773226e-04
-3.004930553209207884e-04
-2.907916575819210320e-04
-2.741266576200101753e-04
-2.482784635643797504e-04
-2.103434713423785001e-04
-1.565200309144000807e-04
-8.182492096472732612e-05
2.027395949905798611e-05
1.583228527923761510e-04
3.434620188295181304e-04
5.901425258614061663e-04
9.170099023195103305e-04
1.347991868544188600e-03
1.913631693576449151e-03
2.652708412824325221e-03
3.614179812538923214e-03
4.859474117075150701e-03
6.465141577677920026e-03
8.525855712773807576e-03
1.115772148671661905e-02
1.450179828367870877e-02
1.872767338692457248e-02
2.403682364556938844e-02
3.066538065465620674e-02
3.888577578229109044e-02
4.900660033657323889e-02
6.136989503938288654e-02
7.634501150476710740e-02
9.431820385514465277e-02
1.156772532331072911e-01
1.407907424892548831e-01
1.699821099881267394e-01
2.034993179120948015e-01
2.414818233328556718e-01
2.839274353371848969e-01
3.306624217013154343e-01
3.813187059721936945e-01
4.353219902514572914e-01
4.918940275939201467e-01
5.500710313153244213e-01
6.087384587105518774e-01
6.666803844452704464e-01
7.226397154516176480e-01
7.753839489139325858e-01
8.237703348946003867e-01
8.668043431758146733e-01
9.036862462480902414e-01
9.338422415463419890e-01
9.569385412633781840e-01
9.728788964977338471e-01
9.817877599560208557e-01
9.839824900560082410e-01
9.799385562701564689e-01
9.702516540957397684e-01
9.556001150891308971e-01
9.367101922821224891e-01
9.143259026974352999e-01
8.891842651038174283e-01
8.619960728486779633e-01
8.334318235216453541e-01
8.041120857295362967e-01
7.746013967535860800e-01
7.454047292242550471e-01
7.169656200654619393e-01
6.896652026718880224e-01
6.638216013992446207e-01
6.396894051023915839e-01
6.174591945324193754e-01
5.972573156042269016e-01
5.791462327293742662e-01
5.631258452350590415e-01
5.491361071885116907e-01
5.370611771011188917e-01
5.267351710662018238e-01
5.179494351394549057e-01
5.104611178194179422e-01
5.040027268582769615e-01
4.982922988610565818e-01
4.930437878649195360e-01
4.879772785438672433e-01
4.828286402515187814e-01
4.773582543537391865e-01
4.713584702921300718e-01
4.646594818315420428e-01
4.571333721564734276e-01
4.486961608989777361e-01
4.393077980858872689e-01
4.289701820177280189e-01
4.177234155940177107e-01
4.056406393822423739e-01
3.928218704541242556e-01
3.793873191088933949e-01
3.654706451790767918e-01
3.512125561400689655e-01
3.367550543794083362e-01
3.222365298706563741e-01
3.077877867206950113e-01
2.935290028744146906e-01
2.795675596317365175e-01
2.659966418476821248e-01
2.528944953678050056e-01
2.403242276930410148e-01
2.283340442724306196e-01
2.169578222187536765e-01
2.062159345967126689e-01
1.961162523003485425e-01
1.866552672104813126e-01
1.778192985391049974e-01
1.695857610952068439e-01
1.619244861062527352e-01
1.547990896425839036e-01
1.481683802965705621e-01
1.419877887501627411e-01
1.362107910772662189e-01
1.307902890718939670e-01
1.256799072504855008e-01
1.208351680526286026e-01
1.162145129043713476e-01
1.117801450571052624e-01
1.074986785583293969e-01
1.033415854217120261e-01
9.928544015325035943e-02
9.531196785776725744e-02
9.140790954643687738e-02
8.756472562633502155e-02
8.377816486066924639e-02
8.004773019927073630e-02
7.637607416519551218e-02
7.276835519954390208e-02
6.923158351706587554e-02
6.577398180758028956e-02
6.240438327094310900e-02
5.913168690756025886e-02
5.596438692453269137e-02
5.291018866450409447e-02
4.997571728954157411e-02
4.716631818586676517e-02
4.448594115244787484e-02
4.193709555816105966e-02
3.952086187501097081e-02
3.723694627036952531e-02
3.508376809831882659e-02
3.305857343028132528e-02
3.115756972794111665e-02
2.937607683827781271e-02
2.770868824291559257e-02
2.614943519938273120e-02
2.469194631816979540e-02
2.332959675049009821e-02
2.205564403870054202e-02
2.086335059776846940e-02
1.974609448371717271e-02
1.869746992552634435e-02
1.771137738670587256e-02
1.678210080895031070e-02
1.590436848648182216e-02
1.507339452953588947e-02
1.428489997821196476e-02
1.353511536211864791e-02
1.282076859216974354e-02
1.213906261163697799e-02
1.148764615281074562e-02
1.086457901664267603e-02
1.026829168956255693e-02
9.697538760926362189e-03
9.151346687038075176e-03
8.628958315646749130e-03
8.129778132201477894e-03
7.653322466285228907e-03
7.199177632118964991e-03
6.766966724833878809e-03
6.356323631248220023e-03
5.966871757130352664e-03
5.598205435406991906e-03
5.249873559051106142e-03
4.921366692230554930e-03
4.612109727543137368e-03
4.321461567988018997e-03
4.048721600527797546e-03
3.793140802360627124e-03
3.553934217935615213e-03
3.330291863677671462e-03
3.121386696989069624e-03
2.926380294880922325e-03
2.744428276031204983e-03
2.574687566239750817e-03
2.416326369699496601e-03
2.268535886895293226e-03
2.130541438037545157e-03
2.001610480160678166e-03
1.881056151426163149e-03
1.768236827054773044e-03
1.662553738834621295e-03
1.563449165910774877e-03
1.470406826798970924e-03
1.382954390123031143e-03
1.300666417305942207e-03
1.223165427437789173e-03
1.150119465139504832e-03
1.081236173803412160e-03
1.016255045272853588e-03
9.549403303074224065e-04
8.970766188082310169e-04
8.424676004827102776e-04
7.909368100047166252e-04
7.423281639316697779e-04
6.965043344606280549e-04
6.533423292636342684e-04
6.127273225855075448e-04
5.745468925793526579e-04
5.386877605039299462e-04
5.050359343612956155e-04
4.734794821173113084e-04
4.439119045558376892e-04
4.162339167081355730e-04
3.903524550042723295e-04
3.661773480769826296e-04
3.436174400413562180e-04
3.225783077428168123e-04
3.029628861866273800e-04
2.846747677153359701e-04
2.676225159187627014e-04
2.517228065753255857e-04
2.369008562695142084e-04
2.230880669506894341e-04
2.102183033246224711e-04
1.982249260216483507e-04
1.870402526970056255e-04
1.765977657584106913e-04
1.668358696014055303e-04
1.577011443625013368e-04
1.491493062044017912e-04
1.411433160190115916e-04
1.336496059898908701e-04
1.266343883249864322e-04
1.200619384129663399e-04
1.138956524116197704e-04
1.081011650892958856e-04
1.026496997922365272e-04
9.751970840624215415e-05
9.269579953559566824e-05
8.816543132429750687e-05
8.391505747739868020e-05
7.992770663612572127e-05
7.618319446989187604e-05
7.266074409345227173e-05
6.934249812463140136e-05
6.621594301743042189e-05
6.327387777545395492e-05
6.051190654498985708e-05
5.792478367642589352e-05
5.550356037822523457e-05
5.323504283721135894e-05
5.110381713610167751e-05
4.909571059643397288e-05
4.720079313022313463e-05
4.541428650152214830e-05
4.373489464635614153e-05
4.216146912378251633e-05
4.068982065236467690e-05
3.931139830713385421e-05
3.801453680121778063e-05
3.678757781300742746e-05
3.562216065389287050e-05
3.451489550314607843e-05
3.346651794252608175e-05
3.247899161648159106e-05
3.155213322100012109e-05
3.068158284855734082e-05
2.985920331643503791e-05
2.907567046407998843e-05
2.832383127766003564e-05
2.760099883717363964e-05
2.690893884666899051e-05
2.625155921244425798e-05
2.563155771470385227e-05
2.504784015503617783e-05
2.449509455998694475e-05
2.396573251034004511e-05
2.345312637628267261e-05
2.295437588085569782e-05
2.247110224360369528e-05
2.200784461231833876e-05
2.156893445700047119e-05
2.115554356578244890e-05
2.076449889532995142e-05
2.038949303688045763e-05
2.002401917195914901e-05
1.966442955642729360e-05
1.931145828850695174e-05
