9.954287292882006977e-01
9.954287292882006977e-01
9.900931668062064039e-01
9.857063157330869796e-01
9.826519568442656505e-01
9.856739745509398576e-01
9.871771648915206310e-01
9.773994993163429568e-01
9.882114826983142697e-01
9.882551364429761342e-01
9.772381261436230426e-01
9.851846865604061421e-01
9.814745838357963326e-01
9.915628598368610991e-01
9.898520253627640653e-01
9.893830645109159549e-01
9.899342506458643776e-01
9.856609693948484852e-01
9.718912073188379352e-01
9.841285800202502765e-01
9.885483365733626071e-01
9.822075428330285796e-01
9.905957121955156763e-01
9.899154622927822667e-01
9.898670795320166915e-01
9.688258440958079643e-01
9.756072109072945198e-01
9.628050645287574705e-01
9.318766994613404409e-01
9.954287292882004756e-01
9.954287292882009197e-01
9.954552393662410292e-01
9.739398546448626570e-01
9.811050223228662270e-01
9.320789675902237947e-01
9.882343023610001831e-01
9.944379819484118199e-01
9.981342906841418339e-01
9.942007905106762244e-01
9.971911601067539044e-01
9.972355304131290676e-01
9.950835861231319690e-01
9.971939371851633593e-01
9.974390915347538522e-01
9.976106203679749873e-01
9.981995065384077215e-01
9.969667615386123005e-01
9.973941514053240587e-01
9.974622865971453090e-01
9.981223050616274683e-01
9.973446146959694669e-01
9.956726837474437763e-01
9.978966175822231444e-01
9.977780245962045713e-01
9.978772809958496026e-01
9.972519965279539322e-01
9.971748625853041892e-01
9.968102251928017132e-01
9.967392957544517484e-01
9.966838854030748429e-01
9.966782308514036126e-01
9.969272603908709840e-01
9.873666990563148005e-01
9.946163705870153526e-01
9.946097367541235634e-01
9.904982307215758341e-01
9.923124098314265451e-01
9.975887001497054651e-01
9.975588469374759848e-01
9.957067792371664394e-01
9.973255487724023149e-01
9.961744437992017254e-01
9.967809708335341190e-01
9.972674130007368465e-01
9.973339682579932530e-01
9.965063732815772068e-01
9.974532991988231956e-01
9.953177312680758781e-01
9.976297159249158941e-01
9.966161408452366421e-01
9.959833974192418005e-01
9.971461686521435608e-01
9.972727828098528757e-01
9.956516486236515195e-01
9.974323000011564577e-01
9.980879964902996671e-01
9.974766823213083722e-01
9.867292946528546382e-01
9.976030270286292412e-01
9.799782072263782950e-01
9.976559724164503207e-01
9.841268706847315917e-01
9.979493836137171003e-01
9.946884409136995675e-01
9.978444623826900894e-01
9.979744800033140129e-01
9.981138765617115771e-01
9.976542270506059129e-01
9.980117222368500851e-01
9.950051083624554815e-01
9.979595511696459642e-01
9.933584577772252011e-01
