7.322799735889610195e-01
4.825382695992010418e-01
6.497652221309884180e-01
3.161605044973153644e-01
4.683367743957794760e-02
4.033830078725703649e-01
1.346951612604056492e-01
1.352263639046865085e-01
2.620626505136609552e-01
1.013416992896036262e-01
4.186260690302230358e-01
2.578547939128339461e-02
4.261704844754682364e-02
9.856587578017078632e-02
2.287130406990654508e-01
1.816523940741278653e-01
3.493973839461285147e-01
2.126857080831307534e-01
2.890003650997431395e-01
2.050727994413671373e-01
2.043847486765398291e-01
8.585039506612207605e-02
1.119092298839492461e-01
3.047892314029220784e-01
2.344621669706103417e-01
3.194154297531470732e-01
