3.791293582582848103e+03
3.831373742903489529e+03
3.871453903224130499e+03
3.911534063544771925e+03
3.951614223865413351e+03
3.991694384186054322e+03
4.031774544506695747e+03
4.071854704827337173e+03
4.111934865147978599e+03
4.152015025468619569e+03
4.192095185789260540e+03
4.232175346109902421e+03
4.272255506430543392e+03
4.312335666751185272e+03
4.352415827071826243e+03
4.392495987392467214e+03
4.432576147713109094e+03
4.472656308033750065e+03
4.512736468354391036e+03
4.552816628675032916e+03
4.592896788995673887e+03
4.632976949316314858e+03
4.673057109636956739e+03
4.713137269957597709e+03
4.753217430278238680e+03
4.793297590598880561e+03
4.833377750919521532e+03
4.873457911240162503e+03
4.913538071560804383e+03
4.953618231881445354e+03
4.993698392202086325e+03
5.033778552522728205e+03
5.073858712843369176e+03
5.113938873164010147e+03
5.154019033484652027e+03
5.194099193805292998e+03
5.234179354125933969e+03
5.274259514446575849e+03
5.314339674767216820e+03
5.354419835087857791e+03
5.394499995408499672e+03
5.434580155729140643e+03
5.474660316049781613e+03
5.514740476370423494e+03
5.554820636691064465e+03
5.594900797011705436e+03
5.634980957332347316e+03
5.675061117652988287e+03
5.715141277973629258e+03
5.755221438294271138e+03
5.795301598614912109e+03
5.835381758935553080e+03
5.875461919256194960e+03
5.915542079576835931e+03
5.955622239897476902e+03
5.995702400218118783e+03
6.035782560538759753e+03
6.075862720859400724e+03
6.115942881180042605e+03
6.156023041500684485e+03
6.196103201821324546e+03
6.236183362141966427e+03
6.276263522462608307e+03
6.316343682783248369e+03
6.356423843103890249e+03
6.396504003424532129e+03
6.436584163745172191e+03
6.476664324065814071e+03
6.516744484386455952e+03
6.556824644707096013e+03
6.596904805027737893e+03
6.636984965348379774e+03
6.677065125669020745e+03
6.717145285989661716e+03
6.757225446310303596e+03
6.797305606630944567e+03
6.837385766951585538e+03
6.877465927272227418e+03
6.917546087592868389e+03
6.957626247913509360e+03
6.997706408234151240e+03
7.037786568554792211e+03
7.077866728875433182e+03
7.117946889196075063e+03
7.158027049516716033e+03
7.198107209837357004e+03
7.238187370157998885e+03
7.278267530478639856e+03
7.318347690799280826e+03
7.358427851119922707e+03
7.398508011440563678e+03
7.438588171761204649e+03
7.478668332081846529e+03
7.518748492402487500e+03
7.558828652723128471e+03
7.598908813043770351e+03
7.638988973364411322e+03
7.679069133685052293e+03
7.719149294005694173e+03
7.759229454326335144e+03
7.799309614646976115e+03
7.839389774967617996e+03
7.879469935288258966e+03
7.919550095608899937e+03
7.959630255929541818e+03
7.999710416250182789e+03
8.039790576570823760e+03
8.079870736891465640e+03
8.119950897212106611e+03
8.160031057532747582e+03
8.200111217853389462e+03
8.240191378174029524e+03
8.280271538494671404e+03
8.320351698815313284e+03
8.360431859135955165e+03
8.400512019456597045e+03
8.440592179777237106e+03
8.480672340097877168e+03
8.520752500418519048e+03
8.560832660739160929e+03
8.600912821059802809e+03
8.640992981380444689e+03
8.681073141701084751e+03
8.721153302021724812e+03
8.761233462342366693e+03
8.801313622663008573e+03
8.841393782983650453e+03
8.881473943304292334e+03
8.921554103624932395e+03
8.961634263945572457e+03
9.001714424266214337e+03
9.041794584586856217e+03
9.081874744907498098e+03
9.121954905228139978e+03
9.162035065548780040e+03
9.202115225869420101e+03
9.242195386190061981e+03
9.282275546510703862e+03
9.322355706831345742e+03
9.362435867151987622e+03
9.402516027472627684e+03
9.442596187793267745e+03
9.482676348113909626e+03
9.522756508434551506e+03
9.562836668755193386e+03
9.602916829075835267e+03
9.642996989396475328e+03
9.683077149717117209e+03
9.723157310037757270e+03
9.763237470358399150e+03
9.803317630679041031e+03
9.843397790999682911e+03
9.883477951320322973e+03
9.923558111640964853e+03
9.963638271961604914e+03
1.000371843228224679e+04
1.004379859260288868e+04
1.008387875292353056e+04
1.012395891324417062e+04
1.016403907356481250e+04
1.020411923388545256e+04
1.024419939420609444e+04
1.028427955452673632e+04
1.032435971484737820e+04
1.036443987516801826e+04
1.040452003548866014e+04
1.044460019580930020e+04
1.048468035612994208e+04
1.052476051645058396e+04
1.056484067677122584e+04
1.060492083709186591e+04
1.064500099741250779e+04
1.068508115773314785e+04
1.072516131805378973e+04
1.076524147837443161e+04
1.080532163869507349e+04
1.084540179901571355e+04
1.088548195933635543e+04
1.092556211965699549e+04
1.096564227997763737e+04
1.100572244029827925e+04
1.104580260061892113e+04
1.108588276093956301e+04
1.112596292126020307e+04
1.116604308158084314e+04
1.120612324190148502e+04
1.124620340222212690e+04
1.128628356254276878e+04
1.132636372286341066e+04
1.136644388318405072e+04
1.140652404350469078e+04
1.144660420382533266e+04
1.148668436414597454e+04
1.152676452446661642e+04
1.156684468478725830e+04
1.160692484510789836e+04
1.164700500542853842e+04
1.168708516574918031e+04
1.172716532606982219e+04
1.176724548639046407e+04
1.180732564671110595e+04
1.184740580703174601e+04
1.188748596735238607e+04
1.192756612767302795e+04
1.196764628799366983e+04
1.200772644831431171e+04
1.204780660863495177e+04
1.208788676895559365e+04
1.212796692927623553e+04
1.216804708959687559e+04
1.220812724991751747e+04
1.224820741023815935e+04
1.228828757055879942e+04
1.232836773087944130e+04
1.236844789120008318e+04
1.240852805152072324e+04
1.244860821184136512e+04
1.248868837216200700e+04
1.252876853248264706e+04
1.256884869280328894e+04
1.260892885312393082e+04
1.264900901344457088e+04
1.268908917376521276e+04
1.272916933408585464e+04
1.276924949440649470e+04
1.280932965472713659e+04
1.284940981504777847e+04
1.288948997536842035e+04
1.292957013568906041e+04
1.296965029600970229e+04
1.300973045633034417e+04
1.304981061665098423e+04
1.308989077697162611e+04
1.312997093729226799e+04
1.317005109761290805e+04
1.321013125793354993e+04
1.325021141825419181e+04
1.329029157857483187e+04
1.333037173889547375e+04
1.337045189921611563e+04
1.341053205953675570e+04
1.345061221985739758e+04
1.349069238017803946e+04
1.353077254049867952e+04
1.357085270081932140e+04
1.361093286113996328e+04
1.365101302146060334e+04
1.369109318178124522e+04
1.373117334210188710e+04
1.377125350242252716e+04
1.381133366274316904e+04
1.385141382306381092e+04
1.389149398338445098e+04
1.393157414370509287e+04
1.397165430402573475e+04
1.401173446434637481e+04
1.405181462466701669e+04
1.409189478498765857e+04
1.413197494530829863e+04
1.417205510562894051e+04
1.421213526594958239e+04
1.425221542627022245e+04
1.429229558659086433e+04
1.433237574691150621e+04
1.437245590723214627e+04
1.441253606755278815e+04
1.445261622787343003e+04
1.449269638819407010e+04
1.453277654851471198e+04
1.457285670883535386e+04
1.461293686915599392e+04
1.465301702947663580e+04
1.469309718979727768e+04
1.473317735011791774e+04
1.477325751043855962e+04
1.481333767075920150e+04
1.485341783107984156e+04
1.489349799140048344e+04
1.493357815172112532e+04
1.497365831204176538e+04
1.501373847236240726e+04
1.505381863268304915e+04
1.509389879300368921e+04
1.513397895332433109e+04
1.517405911364497297e+04
1.521413927396561303e+04
1.525421943428625491e+04
1.529429959460689679e+04
1.533437975492753867e+04
1.537445991524817873e+04
1.541454007556882061e+04
1.545462023588946249e+04
1.549470039621010255e+04
1.553478055653074443e+04
1.557486071685138631e+04
1.561494087717202638e+04
1.565502103749266826e+04
1.569510119781331014e+04
1.573518135813395020e+04
1.577526151845459208e+04
1.581534167877523396e+04
1.585542183909587402e+04
1.589550199941651590e+04
1.593558215973715778e+04
1.597566232005779784e+04
1.601574248037843972e+04
1.605582264069908160e+04
1.609590280101972166e+04
1.613598296134036354e+04
1.617606312166100543e+04
1.621614328198164549e+04
1.625622344230228737e+04
1.629630360262292925e+04
1.633638376294356931e+04
1.637646392326421119e+04
1.641654408358485307e+04
1.645662424390549131e+04
1.649670440422613319e+04
1.653678456454677507e+04
1.657686472486741695e+04
1.661694488518805883e+04
1.665702504550870071e+04
1.669710520582934259e+04
1.673718536614998447e+04
1.677726552647062636e+04
1.681734568679126460e+04
1.685742584711190648e+04
1.689750600743254836e+04
1.693758616775318660e+04
1.697766632807382848e+04
1.701774648839447036e+04
1.705782664871511224e+04
1.709790680903575412e+04
1.713798696935639600e+04
1.717806712967703788e+04
1.721814728999767976e+04
1.725822745031832164e+04
1.729830761063895989e+04
1.733838777095960177e+04
1.737846793128024365e+04
1.741854809160088189e+04
1.745862825192152377e+04
1.749870841224216565e+04
1.753878857256280753e+04
1.757886873288344941e+04
1.761894889320409129e+04
1.765902905352473317e+04
1.769910921384537505e+04
1.773918937416601693e+04
1.777926953448665517e+04
1.781934969480729706e+04
1.785942985512793894e+04
1.789951001544857718e+04
1.793959017576921906e+04
1.797967033608986094e+04
1.801975049641050282e+04
1.805983065673114470e+04
1.809991081705178658e+04
1.813999097737242846e+04
1.818007113769307034e+04
1.822015129801371222e+04
1.826023145833435410e+04
1.830031161865499234e+04
1.834039177897563422e+04
1.838047193929627610e+04
1.842055209961691435e+04
1.846063225993755623e+04
1.850071242025819811e+04
1.854079258057883999e+04
1.858087274089948187e+04
1.862095290122012375e+04
1.866103306154076563e+04
1.870111322186140751e+04
1.874119338218204939e+04
1.878127354250268763e+04
1.882135370282332951e+04
1.886143386314397139e+04
1.890151402346460964e+04
1.894159418378525152e+04
1.898167434410589340e+04
1.902175450442653528e+04
1.906183466474717716e+04
1.910191482506781904e+04
1.914199498538846092e+04
1.918207514570910280e+04
1.922215530602974468e+04
1.926223546635038292e+04
1.930231562667102480e+04
1.934239578699166668e+04
1.938247594731230492e+04
1.942255610763294681e+04
1.946263626795358869e+04
1.950271642827423057e+04
1.954279658859487245e+04
1.958287674891551433e+04
1.962295690923615621e+04
1.966303706955679809e+04
1.970311722987743997e+04
1.974319739019807821e+04
1.978327755051872009e+04
1.982335771083936197e+04
1.986343787116000021e+04
1.990351803148064209e+04
1.994359819180128397e+04
1.998367835212192585e+04
2.002375851244256773e+04
2.006383867276320962e+04
2.010391883308385150e+04
2.014399899340449338e+04
2.018407915372513526e+04
2.022415931404577714e+04
2.026423947436641902e+04
2.030431963468705362e+04
2.034439979500769550e+04
2.038447995532833738e+04
2.042456011564897926e+04
2.046464027596962114e+04
2.050472043629026302e+04
2.054480059661090490e+04
2.058488075693154678e+04
2.062496091725218866e+04
2.066504107757283055e+04
2.070512123789347243e+04
2.074520139821411431e+04
2.078528155853474891e+04
2.082536171885539079e+04
2.086544187917603267e+04
2.090552203949667455e+04
2.094560219981731643e+04
2.098568236013795831e+04
2.102576252045860019e+04
2.106584268077924207e+04
2.110592284109988395e+04
2.114600300142052583e+04
2.118608316174116771e+04
2.122616332206180959e+04
2.126624348238244420e+04
2.130632364270308608e+04
2.134640380302372796e+04
2.138648396334436984e+04
2.142656412366501172e+04
2.146664428398565360e+04
2.150672444430629548e+04
2.154680460462693736e+04
2.158688476494757924e+04
2.162696492526822112e+04
2.166704508558886300e+04
2.170712524590950488e+04
2.174720540623013949e+04
2.178728556655078137e+04
2.182736572687142325e+04
2.186744588719206513e+04
2.190752604751270701e+04
2.194760620783334889e+04
2.198768636815399077e+04
2.202776652847463265e+04
2.206784668879527453e+04
2.210792684911591641e+04
2.214800700943655829e+04
2.218808716975720017e+04
2.222816733007784205e+04
2.226824749039847666e+04
2.230832765071911854e+04
2.234840781103976042e+04
2.238848797136040230e+04
2.242856813168104418e+04
2.246864829200168606e+04
2.250872845232232794e+04
2.254880861264296982e+04
2.258888877296361170e+04
2.262896893328425358e+04
2.266904909360489546e+04
2.270912925392553734e+04
2.274920941424617195e+04
2.278928957456681383e+04
2.282936973488745571e+04
2.286944989520809759e+04
2.290953005552873947e+04
2.294961021584938135e+04
2.298969037617002323e+04
2.302977053649066511e+04
2.306985069681130699e+04
2.310993085713194887e+04
2.315001101745259075e+04
2.319009117777323263e+04
2.323017133809386723e+04
2.327025149841450911e+04
2.331033165873515100e+04
2.335041181905579288e+04
2.339049197937643476e+04
2.343057213969707664e+04
2.347065230001771852e+04
2.351073246033836040e+04
2.355081262065900228e+04
2.359089278097964416e+04
2.363097294130028604e+04
2.367105310162092792e+04
2.371113326194156252e+04
2.375121342226220440e+04
2.379129358258284628e+04
