5.443618883024535852e-06
5.611169022377975136e-06
5.783307913733818076e-06
5.959903755674789288e-06
6.142111186113705439e-06
6.331992279629475233e-06
6.531641114680073567e-06
6.742281892269325747e-06
6.963839042894941229e-06
7.195231870052327091e-06
7.435253914681701533e-06
7.683570813531132338e-06
7.941292046155692112e-06
8.210791923391656011e-06
8.494860478323253787e-06
8.795637103456669056e-06
9.113912541953657204e-06
9.449198266626178793e-06
9.800550466968303837e-06
1.016771976497809709e-05
1.055200678468571805e-05
1.095634927432039301e-05
1.138457747460441692e-05
1.184023138744841520e-05
1.232558580118697050e-05
1.284143183644795111e-05
1.338776159366608794e-05
1.396500878291885118e-05
1.457518270312330455e-05
1.522227420453634968e-05
1.591169696036025458e-05
1.664905250924885401e-05
1.743888743701971816e-05
1.828413266693705360e-05
1.918655697788145502e-05
2.014801694303800065e-05
2.117184153305057135e-05
2.226359895735249625e-05
2.343081498444179748e-05
2.468177937253977162e-05
2.602408399650259417e-05
2.746370209429397583e-05
2.900514289204673724e-05
3.065264013695208974e-05
3.241176627215499337e-05
3.429061846620184100e-05
3.629994168093060624e-05
3.845212846786442241e-05
4.075965773826747713e-05
4.323386375602277225e-05
4.588477353884545514e-05
4.872218791983243084e-05
5.175750829440325734e-05
5.500539523127180905e-05
5.848442169241594888e-05
6.221642233147731420e-05
6.622495582508345106e-05
7.053379975129177250e-05
7.516640512376810139e-05
8.014673382685973937e-05
8.550115148124606498e-05
9.126045765692192540e-05
9.746103361049243501e-05
1.041445426535750541e-04
1.113563929895888783e-04
1.191438488796266876e-04
1.275548790477975983e-04
1.366384383744527746e-04
1.464460922795238391e-04
1.570341366144869090e-04
1.684650570814060833e-04
1.808074927586298579e-04
1.941346580960546153e-04
2.085220147326823255e-04
2.240454107259086608e-04
2.407806774261144530e-04
2.588049043511261686e-04
2.781987123229220102e-04
2.990483086514338930e-04
3.214462407987541716e-04
3.454905111162433510e-04
3.712826800097773425e-04
3.989262430176564764e-04
4.285265490320749404e-04
4.601928250869025561e-04
4.940418558137575026e-04
5.302020825478104011e-04
5.688167713884390020e-04
6.100455268004486729e-04
6.540644652027835125e-04
7.010662442868767236e-04
7.512613732265280547e-04
8.048816576146764932e-04
8.621855491269646158e-04
9.234641512819595412e-04
9.890462358637789643e-04
1.059301078495593828e-03
1.134638993863380579e-03
1.215510563772521013e-03
1.302406091768882950e-03
1.395856474671852828e-03
1.496435622356904463e-03
1.604763350258697416e-03
1.721506979145873356e-03
1.847380102408502280e-03
1.983138029150872863e-03
2.129570736175690187e-03
2.287495054790687678e-03
2.457747793968013440e-03
2.641180570854531964e-03
2.838655797223538311e-03
3.051042303433600198e-03
3.279209044743113671e-03
3.524016309940225002e-03
3.786305369006005232e-03
4.066888776165903524e-03
4.366543917773644048e-03
4.686011668500474070e-03
5.026000592188347924e-03
5.387195775270444201e-03
5.770270848835833306e-03
6.175902326116437281e-03
6.604786718853536236e-03
7.057662209301730598e-03
7.535337127040836643e-03
8.038726717619159787e-03
8.568897954112926485e-03
9.127120224509038815e-03
9.714918530801863739e-03
1.033412588459768112e-02
1.098693273194282193e-02
1.167593274014314987e-02
1.240416519100852495e-02
1.317515393911955490e-02
1.399294148820636949e-02
1.486211496146548974e-02
1.578781961840103332e-02
1.677575584257529756e-02
1.783215722062635525e-02
1.896374972040369006e-02
2.017769392922306657e-02
2.148151291246568409e-02
2.288300729377609408e-02
2.439015728867426069e-02
2.601100982051056040e-02
2.775354859820426331e-02
2.962554654951722599e-02
3.163440278454891091e-02
3.378696916751289248e-02
3.608937343238691892e-02
3.854684604958297928e-02
4.116355714571590801e-02
4.394246885479517750e-02
4.688520880799820073e-02
4.999197269414601408e-02
5.326146751102368154e-02
5.669091086679742264e-02
6.027610370401962486e-02
6.401159278884153980e-02
6.789093499088146022e-02
7.190706869053838102e-02
7.605279018856184181e-02
8.032132625527788061e-02
8.470698867222059558e-02
8.920589253981607569e-02
9.381671637784232132e-02
9.854147782054745175e-02
1.033862938864716918e-01
1.083620901604918085e-01
1.134852200973203856e-01
1.187779552523693383e-01
1.242688100226593956e-01
1.299926699289334076e-01
1.359906994586100870e-01
1.423100129477823661e-01
1.490030995058993224e-01
1.561270009689398330e-01
1.637422510094418415e-01
1.719115940172153689e-01
1.806985131747993745e-01
1.901656060380647606e-01
2.003728502112145371e-01
2.113757995906374310e-01
2.232237434742465332e-01
2.359578494577504459e-01
2.496093011345442980e-01
2.641974379872365497e-01
2.797279105829181267e-01
2.961908794356537533e-01
3.135593080685024070e-01
3.317874258663285891e-01
3.508094607151834854e-01
3.705387634929696583e-01
3.908674664013163658e-01
4.116668354535404917e-01
4.327884927021118933e-01
4.540666906579472473e-01
4.753218104601418803e-01
4.963652155524979070e-01
5.170055151380961167e-01
5.370561747339083203e-01
5.563442631399306837e-01
5.747199648784828696e-01
5.920663405737847107e-01
6.083087118741764554e-01
6.234230036558903176e-01
6.374424043588505784e-01
6.504618015741416848e-01
6.626395981514793254e-01
6.741966899920471823e-01
6.854125647287044876e-01
6.966186397874294389e-01
7.081890869753576512e-01
7.205294870715379663e-01
7.340637284249026395e-01
7.492196184454902319e-01
7.664137242122484039e-01
7.860359992747671942e-01
8.084347796455119139e-01
8.339027263339829910e-01
8.626642351357355354e-01
8.948647127871552920e-01
9.305619321515905540e-01
9.697194477790648248e-01
1.012201816787150266e+00
1.057771181170660935e+00
1.106084679009080363e+00
1.156692201400599584e+00
1.209034210369200668e+00
1.262439660290630483e+00
1.316124474843961112e+00
1.369191461781682051e+00
1.420632936980935845e+00
1.469337624610035808e+00
1.514103559876681215e+00
1.553658706844139425e+00
1.586690772969216345e+00
1.611887202133773123e+00
1.627985507918055186e+00
1.633832944859106684e+00
1.628453047197526482e+00
1.611114928170800820e+00
1.581399672192354666e+00
1.539256995536345096e+00
1.485044948620335425e+00
1.419546066202266088e+00
1.343955159065852722e+00
1.259836768891647862e+00
1.169053817576313881e+00
1.073672619111227577e+00
9.758525480739487223e-01
8.777306947597020015e-01
7.813123998773455758e-01
6.883775561579821289e-01
6.004102030343978491e-01
5.185556890751480408e-01
4.436061380822826083e-01
3.760117291218456614e-01
3.159128593444526234e-01
2.631868613103741095e-01
2.175026216186030370e-01
1.783770269886335302e-01
1.452283580250325334e-01
1.174232347281257693e-01
9.431520432132853293e-02
7.527434701058030586e-02
5.970825072468901457e-02
4.707534705013750181e-02
3.689194015551515438e-02
2.873436061158895702e-02
2.223760646427251284e-02
1.709165935624642335e-02
1.303643789240116826e-02
9.856115662195939070e-03
7.373316953458892119e-03
5.443526566288717054e-03
3.949917012937044503e-03
2.798703017871230145e-03
1.915070138378713489e-03
1.239680921506938847e-03
7.257304553471397197e-04
3.365000881202712189e-04
4.334374785763483003e-05
-1.759629374307898337e-04
-3.385748632476051406e-04
-4.576827062263329475e-04
-5.434088918318157524e-04
-6.035215467676209632e-04
-6.439896791744552590e-04
-6.694043689361313908e-04
-6.832942196011031243e-04
-6.883643947126172032e-04
-6.866846232270392173e-04
-6.798430739779182629e-04
-6.690731314615996992e-04
-6.553528865878065299e-04
-6.394752455344553154e-04
-6.220898250374293659e-04
-6.037234644856001760e-04
-5.847903958010930350e-04
-5.656030596371232821e-04
-5.463899427906346133e-04
-5.273199204622327444e-04
-5.085269508938891582e-04
-4.901274033230615043e-04
-4.722253808318961827e-04
-4.549072084660767579e-04
-4.382314794179208075e-04
-4.222228059141814563e-04
-4.068748010898414294e-04
-3.921623279269035038e-04
-3.780577236062734273e-04
-3.645434177818622154e-04
-3.516152738125386695e-04
-3.392759536229189056e-04
-3.275228702149948030e-04
-3.163379850244393788e-04
-3.056854267979622992e-04
-2.955184349457733932e-04
-2.857919554366185767e-04
-2.764741578935795818e-04
-2.675508086589990005e-04
-2.590203850581490998e-04
-2.508828414712601447e-04
-2.431282931014477964e-04
-2.357317840330031358e-04
-2.286568736444313896e-04
-2.218659325051264384e-04
-2.153314337719639882e-04
-2.090420859459479991e-04
-2.030005555817639455e-04
-1.972141403036129111e-04
-1.916835454517809112e-04
-1.863958536573843711e-04
-1.813254000316714195e-04
-1.764419209374775636e-04
-1.717214167968754196e-04
-1.671537769625071259e-04
-1.627430675508623886e-04
-1.585004241087365775e-04
-1.544334972725606026e-04
-1.505382041333947591e-04
-1.467972001895217224e-04
-1.431857806615023936e-04
-1.396818880584939089e-04
-1.362747315639702670e-04
-1.329673589236923651e-04
-1.297718654084268469e-04
-1.266999302039787322e-04
-1.237538614424327330e-04
-1.209229818947327628e-04
-1.181872284643969084e-04
-1.155259083030650341e-04
-1.129267925416642772e-04
-1.103906128174967179e-04
-1.079285816853919796e-04
-1.055543661861426329e-04
-1.032749272398235385e-04
-1.010851934737980298e-04
-9.896939829438248170e-05
-9.690826659887448815e-05
-9.488808243490623549e-05
-9.290670152703711226e-05
-9.097328815259100583e-05
-8.910199235594291574e-05
-8.730306043043306510e-05
-8.557621835813079348e-05
-8.390987970628764571e-05
-8.228653525044284957e-05
-8.069133216631343378e-05
-7.911915969725339954e-05
-7.757642086611900463e-05
-7.607658952110320650e-05
-7.463202553691234678e-05
-7.324651823575694352e-05
-7.191258424334949896e-05
-7.061492867106978447e-05
-6.933812779949655018e-05
-6.807432804807413726e-05
-6.682679248807584091e-05
-6.560741780052632330e-05
-6.442962748617814598e-05
-6.330053473277493946e-05
-6.221662330289390601e-05
-6.116524736359561841e-05
-6.013107873634113414e-05
-5.910396146231618175e-05
-5.808390743098264264e-05
-5.708055637198860318e-05
-5.610744567151231200e-05
-5.517424099978363716e-05
-5.428115191245785740e-05
-5.341853367122813571e-05
-5.257184129890775170e-05
-5.172920374180261632e-05
-5.088749356245863994e-05
-5.005362004014559345e-05
-4.924038876732992947e-05
-4.845921749325761402e-05
-4.771367874043222799e-05
-4.699735669416815027e-05
-4.629713991452340862e-05
-4.560011957368905497e-05
-4.490032754481574034e-05
-4.420166804900158762e-05
-4.351548814054921458e-05
-4.285414725825615327e-05
-4.222410001750662720e-05
-4.162224034214171900e-05
-4.103745858708084625e-05
-4.045652563026948067e-05
-3.987108321900105832e-05
-3.928194735450959659e-05
-3.869841654600451132e-05
-3.813299899606305819e-05
-3.759444907763661518e-05
-3.708289574514797880e-05
-3.658968352228628851e-05
-3.610197548098271841e-05
-3.560958965442740130e-05
-3.511035082816112607e-05
-3.461107160877196977e-05
-3.412366435582329602e-05
-3.365852499140631348e-05
-3.321879046267007743e-05
-3.279857207371080413e-05
-3.238609190921579097e-05
-3.196998870626908967e-05
-3.154535641020267173e-05
-3.111624809248601299e-05
-3.069331466572655252e-05
-3.028789094382962728e-05
-2.990575554331905976e-05
-2.954394509110999436e-05
-2.919232629683921621e-05
-2.883904203487672500e-05
-2.847685645170320733e-05
-2.810695768176688807e-05
-2.773817638615604838e-05
-2.738207374094973738e-05
-2.704658562085226537e-05
-2.673167354780200730e-05
-2.642932383730601132e-05
-2.612786705604418981e-05
-2.581825113980022220e-05
-2.549885913160449693e-05
-2.517627229180738186e-05
-2.486159104914140383e-05
-2.456433368551806030e-05
-2.428723135715722740e-05
-2.402473203097502393e-05
-2.376600040804037443e-05
-2.350076186949241584e-05
-2.322480882088325820e-05
-2.294218998050646640e-05
-2.266291715186839889e-05
-2.239745796711558099e-05
-2.215101570169487647e-05
-2.192069468320776142e-05
-2.169706915004516917e-05
-2.146928029793701199e-05
-2.123088102908437887e-05
-2.098325922830006929e-05
-2.073479975729626158e-05
-2.049626322197738545e-05
-2.027490529431945465e-05
-2.007052802354866480e-05
-1.987559049994598023e-05
-1.967929630630125461e-05
-1.947342232879937832e-05
-1.925672296231216454e-05
-1.903553254752068610e-05
-1.882026047551720586e-05
-1.861969912426223505e-05
-1.843623874560771313e-05
-1.826457568675608840e-05
-1.809459488455754844e-05
-1.791684357482908942e-05
-1.772761837465012855e-05
-1.753091289607201932e-05
-1.733618747809030115e-05
-1.715319041686760008e-05
-1.698665037002807543e-05
-1.683371490885369714e-05
-1.668550838918719047e-05
-1.653194462742017096e-05
-1.636717164364881910e-05
-1.619269664264920362e-05
-1.601651037338396356e-05
-1.584870487519095551e-05
-1.569597514491254987e-05
-1.555798792645922356e-05
-1.542757509308659267e-05
-1.529462835282491056e-05
-1.515156813757433053e-05
-1.499741725102504399e-05
-1.483827968805404059e-05
-1.468398232953945506e-05
-1.454271644596052684e-05
-1.441659051349966130e-05
