2.305368069690884170e+01
2.305368069690884170e+01
2.352269349535965048e+01
2.394230948706907114e+01
2.427147489379150613e+01
2.389183774544947170e+01
2.373866411059219672e+01
2.486302353926757291e+01
2.363719977802745476e+01
2.363699477436531993e+01
2.493734622759084729e+01
2.401748824968263207e+01
2.453213001385654835e+01
2.336099622018191724e+01
2.361266467261194535e+01
2.377883967264637732e+01
2.378991437374674689e+01
2.482305175653479168e+01
2.684041541121714047e+01
2.517564714589073205e+01
2.439805041506520666e+01
2.534464016479380888e+01
2.396468749070996651e+01
2.404053637847642833e+01
2.398111778209688438e+01
2.655560880457722917e+01
2.585861335256632643e+01
2.661952421504095412e+01
2.883404058428606476e+01
3.846261778217494509e+01
2.305368069690882038e+01
2.304344577662366333e+01
2.464094553050281533e+01
2.423629488315712877e+01
2.852556387878502875e+01
2.577001293384083525e+01
2.321211974336070227e+01
2.378825190316904070e+01
2.315625508557119616e+01
2.284514861887140924e+01
2.295379224698856646e+01
2.330220401913013006e+01
2.287377526361163760e+01
2.295842449958433917e+01
2.281504207715037680e+01
2.301395323007221094e+01
2.288003932241860028e+01
2.283442863899399455e+01
2.282249464292452501e+01
2.272414705068018748e+01
2.278263443726106985e+01
2.289265389338941503e+01
2.273185078074916632e+01
2.267271953404284446e+01
2.265059521311506074e+01
2.264796528804750864e+01
2.264683915207951159e+01
2.263039004743772153e+01
2.263432740009598021e+01
2.262971699721518348e+01
2.262986999382898645e+01
2.260571137359063698e+01
2.380807467786338094e+01
2.245864681662066431e+01
2.245930106221486966e+01
2.300157779195795626e+01
2.269346330064967887e+01
2.221606599821091521e+01
2.222007663884086526e+01
2.241115881873398052e+01
2.222757381942075483e+01
2.232440895748953125e+01
2.229723545482438141e+01
2.225038256794644553e+01
2.224145367250497785e+01
2.230055417101947057e+01
2.222996569737096806e+01
2.244031543892639036e+01
2.221386342885363874e+01
2.231185871355938843e+01
2.237590626256889692e+01
2.226324047542534501e+01
2.224783663648247867e+01
2.240706340708138455e+01
2.223444142143519642e+01
2.217619508692160935e+01
2.223308688869071759e+01
2.327609612133727168e+01
2.222177427369537028e+01
2.405319894252972546e+01
2.221561850050351694e+01
2.355749809006802309e+01
2.218918189094156546e+01
2.250440958450472451e+01
2.219882120898210331e+01
2.224539688267136484e+01
2.217391451212786890e+01
2.227965305085946568e+01
2.217574295972677945e+01
2.246159496210119144e+01
2.217773398719921829e+01
2.259941467697035478e+01
