2.259655362572891235e+01
2.259655362572891235e+01
2.253201017598028955e+01
2.251294106037776999e+01
2.253667057821807163e+01
2.245923520054345701e+01
2.245638059974426071e+01
2.260297347090186904e+01
2.245834804785888039e+01
2.246250841866293158e+01
2.266115884195315289e+01
2.253595690572324628e+01
2.267958839743618071e+01
2.251728220386802803e+01
2.259786720888835276e+01
2.271714612373797237e+01
2.278333943833318287e+01
2.338914869601963886e+01
2.402953614310093400e+01
2.358850514791576103e+01
2.325288407240146782e+01
2.356539444809666506e+01
2.302425871026153459e+01
2.303208260775465632e+01
2.296782573529855398e+01
2.343819321415802648e+01
2.341933444329577796e+01
2.290003066791670250e+01
2.202171053042010840e+01
3.800549071099499088e+01
2.259655362572891235e+01
2.258896971324776715e+01
2.203493099498908236e+01
2.234679711544375280e+01
2.173346063780740778e+01
2.459344316994085489e+01
2.265591793820188471e+01
2.360168097158322453e+01
2.257633413663882038e+01
2.256426462954679835e+01
2.267734528830147411e+01
2.281056263144332519e+01
2.259316898212797398e+01
2.270233365305972484e+01
2.257610411394787420e+01
2.283390388391298131e+01
2.257671547627982989e+01
2.257384377952639909e+01
2.256872330263905724e+01
2.253637755684293609e+01
2.251709590685801743e+01
2.245992226813379133e+01
2.252151253897148209e+01
2.245052199366330115e+01
2.243832331270002101e+01
2.237316494084290142e+01
2.236432541060992918e+01
2.231141256671789463e+01
2.230825697554115550e+01
2.229810553752266600e+01
2.229769307896934905e+01
2.229843741267773538e+01
2.254474458349486099e+01
2.192028387532219824e+01
2.192027473762722778e+01
2.205140086411553924e+01
2.192470428379233383e+01
2.197493601318146261e+01
2.197596133258846507e+01
2.198183674245062491e+01
2.196012869666098766e+01
2.194185333740970378e+01
2.197533253817779197e+01
2.197712386802012929e+01
2.197485049830430270e+01
2.195119149917719170e+01
2.197529561725328762e+01
2.197208856573397640e+01
2.197683502134522726e+01
2.197347279808305132e+01
2.197424600449307519e+01
2.197785734063970153e+01
2.197511491746776713e+01
2.197222826944653562e+01
2.197767142155084130e+01
2.198499473595157738e+01
2.198075512082155569e+01
2.194902558662273506e+01
2.198207697655829307e+01
2.205101966516755496e+01
2.198121574214854945e+01
2.197018515854118093e+01
2.198412025231327505e+01
2.197325367587468037e+01
2.198326744725111226e+01
2.204284488300276479e+01
2.198530216829902528e+01
2.204507575592005608e+01
2.197691518341178707e+01
2.196210579834674093e+01
2.197368910416381382e+01
2.193526045469287311e+01
