6.233651287972886089e-06
6.353404976872382386e-06
6.475708858676483124e-06
6.600630334875580591e-06
6.728239212096702107e-06
6.858607897404603946e-06
6.991811619784688386e-06
7.127928685755772509e-06
7.267040767846605425e-06
7.409233232857542500e-06
7.554595513965253104e-06
7.703221523343150451e-06
7.855210118094844236e-06
8.010665600518582328e-06
8.169698266916653294e-06
8.332424988528726071e-06
8.498969824291462428e-06
8.669464648872069807e-06
8.844049812654847318e-06
9.022874799926624610e-06
9.206098908109421091e-06
9.393891927098701368e-06
9.586434820838178828e-06
9.783920392157485345e-06
9.986553929875471527e-06
1.019455379214934786e-05
1.040815192788268323e-05
1.062759428808466532e-05
1.085314110700774574e-05
1.108506701802540291e-05
1.132366099687603373e-05
1.156922610615934443e-05
1.182207905144544805e-05
1.208254957224007093e-05
1.235097972309083605e-05
1.262772313370301636e-05
1.291314440431284972e-05
1.320761881493222099e-05
1.351153261200266166e-05
1.382528412631109722e-05
1.414928602823303309e-05
1.448396895566350281e-05
1.482978672976548434e-05
1.518722328811937556e-05
1.555680138605104688e-05
1.593909308879982602e-05
1.633473205621556299e-05
1.674442765704240585e-05
1.716898102466707916e-05
1.760930319734126424e-05
1.806643551724964044e-05
1.854157237233182665e-05
1.903608623283165483e-05
1.955155468342340908e-05
2.008978895130587690e-05
2.065286319504235554e-05
2.124314376466654959e-05
2.186331766462168923e-05
2.251641960206908301e-05
2.320585722065387837e-05
2.393543428811576088e-05
2.470937166034785633e-05
2.553232571306181636e-05
2.640940361691116809e-05
2.734617435362505234e-05
2.834867385746720186e-05
2.942340219230557191e-05
3.057731038800672149e-05
3.181777449926404943e-05
3.315255467568863697e-05
3.458973756214673054e-05
3.613766118903431263e-05
3.780482279463731989e-05
3.959977185527225414e-05
4.153099315719710434e-05
4.360678816004615488e-05
4.583516705466479684e-05
4.822376835047888574e-05
5.077982676128353536e-05
5.351021240486392811e-05
5.642156379280337800e-05
5.952053303572916841e-05
6.281415421307312325e-05
6.631033618808696549e-05
7.001847148415104379e-05
7.395014570696879720e-05
7.811992967620291209e-05
8.254623963694852809e-05
8.725225847180217281e-05
9.226691967515951442e-05
9.762596173839734992e-05
1.033730598010760930e-04
1.095610320505703989e-04
1.162531015398154689e-04
1.235241740178222520e-04
1.314620750998356073e-04
1.401686815617933079e-04
1.497608852776308272e-04
1.603713439815167730e-04
1.721489959247733475e-04
1.852593378919789732e-04
1.998844794830829301e-04
2.162229845586104387e-04
2.344894910421940727e-04
2.549140656736255742e-04
2.777412081566059615e-04
3.032283792670168311e-04
3.316438994593690287e-04
3.632640555959202526e-04
3.983692671667811371e-04
4.372392005747359847e-04
4.801467812394119008e-04
5.273511417999444126e-04
5.790896689522031723e-04
6.355694834338697580e-04
6.969589166282237538e-04
7.633798288748460488e-04
8.349019189956306602e-04
9.115404394673358576e-04
9.932588670481311104e-04
1.079977987923776400e-03
1.171592470971383583e-03
1.267995321144543093e-03
1.369109719249733204e-03
1.474926848040521371e-03
1.585547612139820038e-03
1.701225894107552539e-03
1.822411259950308367e-03
1.949789777662803026e-03
2.084322610522321498e-03
2.227282944504692472e-03
2.380292254575594544e-03
2.545356684604808094e-03
2.724903415444791723e-03
2.921815582590848309e-03
3.139463017208481057e-03
3.381725295209781022e-03
3.653003623737769053e-03
3.958219037046743945e-03
4.302795963778343474e-03
4.692631966058047853e-03
5.134055744612326874e-03
5.633775855302081484e-03
6.198821749590237296e-03
6.836476830249581076e-03
7.554200615892995956e-03
8.359534448107525106e-03
9.259983103977856983e-03
1.026286371680028807e-02
1.137511384726990447e-02
1.260305244030865239e-02
1.395209068705861519e-02
1.542639450873628006e-02
1.702850677519847714e-02
1.875894603522816270e-02
2.061581004360961769e-02
2.259442670346008264e-02
2.468711081841544475e-02
2.688309894049156074e-02
2.916874140712951216e-02
3.152802439731506451e-02
3.394347080672142219e-02
3.639742608349756658e-02
3.887367884189767836e-02
4.135930717377594990e-02
4.384659522148656036e-02
4.633484552676269547e-02
4.883192996578231831e-02
5.135547464132055734e-02
5.393364937251623331e-02
5.660560915922149133e-02
5.942168975996591634e-02
6.244347477061533425e-02
6.574382238040890614e-02
6.940687649143596760e-02
7.352801148130706788e-02
7.821359953858278424e-02
8.358046626536164148e-02
8.975492333776681486e-02
9.687132941039348910e-02
1.050702111537404893e-01
1.144960473836896392e-01
1.252948549025302560e-01
1.376116993951377321e-01
1.515881878263832527e-01
1.673598944488337015e-01
1.850535556682062210e-01
2.047837684700844763e-01
2.266488682279344247e-01
2.507256605051864651e-01
2.770627424443145581e-01
3.056722683069184598e-01
3.365201852082695955e-01
3.695151913534895360e-01
4.044969650892645818e-01
4.412246005879955635e-01
4.793666730094111594e-01
5.184949052535706704e-01
5.580839079312767126e-01
5.975197202757299708e-01
6.361196511616156180e-01
6.731649973425885003e-01
7.079465317911841638e-01
7.398203747532631214e-01
7.682694156509695116e-01
7.929634728462038318e-01
8.138105122157649474e-01
8.309919435034034407e-01
8.449773223304801739e-01
8.565172657712151194e-01
8.666171980990209356e-01
8.764976776274568948e-01
8.875486741987159700e-01
9.012848752259660090e-01
9.193070855390312879e-01
9.432717591732370233e-01
9.748676367638975382e-01
1.015796274588845360e+00
1.067752496162521547e+00
1.132401517259050472e+00
1.211351250210545460e+00
1.306120346685520239e+00
1.418104118093938215e+00
1.548541013546534950e+00
1.698481626844542181e+00
1.868760421618096412e+00
2.059967990880535282e+00
2.272419348095434888e+00
2.506112112957590288e+00
2.760667969326107141e+00
3.035251633090921608e+00
3.328463710404158782e+00
3.638207046460379512e+00
3.961530319558888458e+00
4.294457828167554503e+00
4.631821003849824869e+00
4.967115455850218630e+00
5.292416934548394458e+00
5.598398737361750754e+00
5.874498291093331659e+00
6.109277175793280001e+00
6.291002163588755636e+00
6.408442836614323568e+00
6.451836551441608059e+00
6.413922091159672156e+00
6.290901996163381860e+00
6.083174220908667884e+00
5.795686879016898274e+00
5.437818003673376310e+00
5.022757995353056337e+00
4.566459410779140526e+00
4.086296206808605724e+00
3.599623578945938540e+00
3.122438857897715359e+00
2.668313139978524262e+00
2.247702441202054757e+00
1.867672892073223290e+00
1.532004798525628431e+00
1.241589381743725573e+00
9.950067426479504151e-01
7.891736109432310187e-01
6.199685330722064514e-01
4.827714064672712913e-01
3.728850334433777003e-01
2.858323434336146329e-01
2.175409425448402989e-01
1.644363303161731071e-01
1.234679690725528078e-01
9.209067657155910192e-02
6.821974989740201001e-02
5.017349918389266833e-02
3.661250073195662647e-02
2.648133969630282747e-02
1.895599827836651902e-02
1.339825477991564949e-02
9.317319099842054017e-03
6.338266953781502948e-03
4.176501142051513779e-03
2.617349547633319486e-03
1.499921843924224537e-03
7.044299571584606862e-04
1.422902123723551835e-04
-2.515580700822660329e-04
-5.245763475528586852e-04
-7.111619609480589492e-04
-8.360909825762605349e-04
-9.171077217786558454e-04
-9.668539883986964874e-04
-9.942938130167462002e-04
-1.005757890711881774e-03
-1.005705127006841426e-03
-9.972757542426879951e-04
-9.826914831595394504e-04
-9.635430898814392872e-04
-9.409945596739883707e-04
-9.159249609576668822e-04
-8.890238978562969765e-04
-8.608528757408925132e-04
-8.318824687629936335e-04
-8.025132510863718874e-04
-7.730867325354155500e-04
-7.438909219298221786e-04
-7.151636591848753010e-04
-6.870955929709205009e-04
-6.598337033431897567e-04
-6.334856006025992676e-04
-6.081244455902571093e-04
-5.837941712761415998e-04
-5.605146675175017978e-04
-5.382866529731717515e-04
-5.170960496311149566e-04
-4.969177646994777167e-04
-4.777188563084000788e-04
-4.594611093616243411e-04
-4.421030779115697794e-04
-4.256016649631123036e-04
-4.099133142569849403e-04
-3.949948854211719480e-04
-3.808042767112227237e-04
-3.673008506860663859e-04
-3.544457088819968839e-04
-3.422018527795380512e-04
-3.305342606039262461e-04
-3.194099029416441879e-04
-3.087977148221350554e-04
-2.986685377182802018e-04
-2.889950416002689182e-04
-2.797516347087793619e-04
-2.709143667088511395e-04
-2.624608294147315617e-04
-2.543700580768569280e-04
-2.466224352938377567e-04
-2.391995989099455610e-04
-2.320843547006334168e-04
-2.252605942591265212e-04
-2.187132182160808299e-04
-2.124280647470406212e-04
-2.063918431945254014e-04
-2.005920725781990726e-04
-1.950170247217041691e-04
-1.896556717025582660e-04
-1.844976373454063697e-04
-1.795331524463684937e-04
-1.747530134602164607e-04
-1.701485443609260576e-04
-1.657115614225741470e-04
-1.614343406700719723e-04
-1.573095877849160979e-04
-1.533304102435425304e-04
-1.494902915207708006e-04
-1.457830671639151054e-04
-1.422029026070535163e-04
-1.387442725682122753e-04
-1.354019419133130797e-04
-1.321709478642289770e-04
-1.290465834440989530e-04
-1.260243820747455651e-04
-1.231001032242560848e-04
-1.202697190354223183e-04
-1.175294018497529829e-04
-1.148755125757271298e-04
-1.123045898159723223e-04
-1.098133397238193075e-04
-1.073986265076218815e-04
-1.050574635595854866e-04
-1.027870051489586422e-04
-1.005845386499607333e-04
-9.844747724684089747e-05
-9.637335311078679275e-05
-9.435981099058772330e-05
-9.240460220274940956e-05
-9.050557898552682816e-05
-8.866068919643986242e-05
-8.686797133140480149e-05
-8.512554983393430519e-05
-8.343163068891631560e-05
-8.178449726958855867e-05
-8.018250643265085987e-05
-7.862408483014423635e-05
-7.710772544214371282e-05
-7.563198429883553431e-05
-7.419547739839278027e-05
-7.279687778220750121e-05
-7.143491278527108138e-05
-7.010836143669514869e-05
-6.881605199783455895e-05
-6.755685963814131196e-05
-6.632970423622359816e-05
-6.513354829865187102e-05
-6.396739498837312413e-05
-6.283028626014246860e-05
-6.172130108888315583e-05
-6.063955380040563279e-05
-5.958419247461168563e-05
-5.855439744533215424e-05
-5.754937986453938779e-05
-5.656838034780695167e-05
-5.561066768407053272e-05
-5.467553761095286726e-05
-5.376231164884861196e-05
-5.287033600493759843e-05
-5.199898050475554588e-05
-5.114763760523881970e-05
-5.031572143778026537e-05
-4.950266690272214808e-05
-4.870792880731029186e-05
-4.793098103894860817e-05
-4.717131579022997711e-05
-4.642844280830161265e-05
-4.570188868152164969e-05
-4.499119617026795372e-05
-4.429592354699962698e-05
-4.361564398859299035e-05
-4.294994498505477109e-05
-4.229842777260227359e-05
-4.166070680325085996e-05
-4.103640922710125299e-05
-4.042517440180118756e-05
-3.982665342568666094e-05
-3.924050869320525883e-05
-3.866641345693742085e-05
-3.810405142416826133e-05
-3.755311636631684192e-05
-3.701331174073359574e-05
-3.648435032904250047e-05
-3.596595390071168058e-05
-3.545785287212057253e-05
-3.495978600588281183e-05
-3.447150009473990014e-05
-3.399274967775173023e-05
-3.352329676123292149e-05
-3.306291055795563773e-05
-3.261136721825886968e-05
-3.216844960329747779e-05
-3.173394702823881106e-05
-3.130765505679810804e-05
-3.088937527077168058e-05
-3.047891506928692736e-05
-3.007608746317461655e-05
-2.968071089128396703e-05
-2.929260902303638847e-05
-2.891161059576196531e-05
-2.853754923400619056e-05
-2.817026328908396173e-05
-2.780959568296977893e-05
-2.745539375381771233e-05
-2.710750911144314116e-05
-2.676579749774983354e-05
-2.643011865295608496e-05
-2.610033617935518109e-05
-2.577631742643049975e-05
-2.545793335984019508e-05
-2.514505845460212130e-05
-2.483757057518182462e-05
-2.453535087318812745e-05
-2.423828368242640695e-05
-2.394625641947352546e-05
-2.365915948541681463e-05
-2.337688617289457435e-05
-2.309933257992061108e-05
-2.282639751750551677e-05
-2.255798243680545896e-05
-2.229399133538514073e-05
-2.203433068287802526e-05
-2.177890935842142285e-05
-2.152763856453354188e-05
-2.128043176106961839e-05
-2.103720459649186366e-05
-2.079787485068795041e-05
-2.056236236113186439e-05
-2.033058897078455772e-05
-2.010247846123229532e-05
-1.987795650425375145e-05
-1.965695060084906367e-05
-1.943939003368915820e-05
-1.922520581068078057e-05
-1.901433061668112153e-05
-1.880669876911676683e-05
-1.860224616314716712e-05
-1.840091023801152426e-05
-1.820262992985927474e-05
-1.800734562340802547e-05
-1.781499911670001712e-05
-1.762553358492102034e-05
-1.743889353180008229e-05
-1.725502476425599073e-05
-1.707387435470894630e-05
-1.689539059568558670e-05
-1.671952298048984392e-05
-1.654622216332080113e-05
-1.637543992796616860e-05
-1.620712916093050224e-05
-1.604124381610544243e-05
-1.587773889202902410e-05
-1.571657040015930212e-05
-1.555769534166785421e-05
-1.540107167958633917e-05
-1.524665830922675446e-05
-1.509441504342172616e-05
-1.494430257852797601e-05
