-2.247728592938395243e-06
-2.286220143199617432e-06
-2.325400615723209871e-06
-2.365284438915184073e-06
-2.405886394405187211e-06
-2.447221630034162906e-06
-2.489305665932328469e-06
-2.532154408794322380e-06
-2.575784161627050451e-06
-2.620211635442458126e-06
-2.665453960186352331e-06
-2.711528698274828651e-06
-2.758453856003337991e-06
-2.806247897127784998e-06
-2.854929756066650823e-06
-2.904518852343119159e-06
-2.955035104067536846e-06
-3.006498942857541776e-06
-3.058931330866238985e-06
-3.112353773878969446e-06
-3.166788339848815587e-06
-3.222257675009344401e-06
-3.278785021623553083e-06
-3.336394235235252274e-06
-3.395109805934863699e-06
-3.454956874736872929e-06
-3.515961255935281967e-06
-3.578149456581724368e-06
-3.641548699248225480e-06
-3.706186942947384375e-06
-3.772092907488706307e-06
-3.839296097108384170e-06
-3.907826824753483227e-06
-3.977716238629231850e-06
-4.048996348024036671e-06
-4.121700051701301076e-06
-4.195861165780049135e-06
-4.271514454647063518e-06
-4.348695659206609970e-06
-4.427441532938163155e-06
-4.507789870324773772e-06
-4.589779544797237570e-06
-4.673450542741755828e-06
-4.758844000399643293e-06
-4.846002243279840674e-06
-4.934968825176021140e-06
-5.025788569689974143e-06
-5.118507613123708926e-06
-5.213173450056567774e-06
-5.309834978668318319e-06
-5.408542548941981682e-06
-5.509348013769058822e-06
-5.612304779098938643e-06
-5.717467861535988989e-06
-5.824893939841343484e-06
-5.934641418035638068e-06
-6.046770482975669865e-06
-6.161343169891868084e-06
-6.278423426785915240e-06
-6.398077184413388524e-06
-6.520372426603312768e-06
-6.645379264688235548e-06
-6.773170016426533055e-06
-6.903819284276856894e-06
-7.037404041605083385e-06
-7.174003719645326333e-06
-7.313700298021573062e-06
-7.456578400709863052e-06
-7.602725396114510676e-06
-7.752231497841502125e-06
-7.905189876679757753e-06
-8.061696769184866493e-06
-8.221851598744170934e-06
-8.385757096902279444e-06
-8.553519430906509802e-06
-8.725248338159185152e-06
-8.901057267715201048e-06
-9.081063523576012153e-06
-9.265388420479674095e-06
-9.454157439693035081e-06
-9.647500401697760791e-06
-9.845551635092576693e-06
-1.004845016364745353e-05
-1.025633989422586265e-05
-1.046936981933270520e-05
-1.068769422643117470e-05
-1.091147291688304716e-05
-1.114087143488802072e-05
-1.137606131116457614e-05
-1.161722031290527611e-05
-1.186453270995065349e-05
-1.211818955205031850e-05
-1.237838896053094451e-05
-1.264533643326392636e-05
-1.291924516630112747e-05
-1.320033639032580077e-05
-1.348883972446899116e-05
-1.378499354806913487e-05
-1.408904539185483087e-05
-1.440125234708872725e-05
-1.472188149861938526e-05
-1.505121038013939108e-05
-1.538952744860934643e-05
-1.573713259054755208e-05
-1.609433765097267440e-05
-1.646146699094296257e-05
-1.683885807531100117e-05
-1.722686209264479991e-05
-1.762584460787304237e-05
-1.803618625291314884e-05
-1.845828345252084612e-05
-1.889254919073592921e-05
-1.933941382466974136e-05
-1.979932593698798554e-05
-2.027275324206482651e-05
-2.076018354177198519e-05
-2.126212573818819641e-05
-2.177911090106629053e-05
-2.231169340194403121e-05
-2.286045211331891823e-05
-2.342599167779732400e-05
-2.400894385516035451e-05
-2.460996894738413449e-05
-2.522975731531844595e-05
-2.586903098252011713e-05
-2.652854534070500493e-05
-2.720909096158517760e-05
-2.791149552024109541e-05
-2.863662584155175769e-05
-2.938539007591085985e-05
-3.015874001438760595e-05
-3.095767355452082835e-05
-3.178323732575340005e-05
-3.263652948851260255e-05
-3.351870271767991017e-05
-3.443096738752070323e-05
-3.537459496892706871e-05
-3.635092165913521046e-05
-3.736135226193137944e-05
-3.840736433364121176e-05
-3.949051261982881080e-05
-4.061243380511704202e-05
-4.177485160007339478e-05
-4.297958219341262978e-05
-4.422854009686815277e-05
-4.552374441907966040e-05
-4.686732560003260302e-05
-4.826153264589333182e-05
-4.970874090744197845e-05
-5.121146044423618000e-05
-5.277234503289650249e-05
-5.439420186251739847e-05
-5.608000198905135772e-05
-5.783289161016520670e-05
-5.965620423248548958e-05
-6.155347381586268258e-05
-6.352844898092578076e-05
-6.558510838018654233e-05
-6.772767733901497854e-05
-6.996064588731750768e-05
-7.228878831048272404e-05
-7.471718435846108359e-05
-7.725124226706564425e-05
-7.989672374344236941e-05
-8.265977108936671080e-05
-8.554693662851893586e-05
-8.856521461449341640e-05
-9.172207579309602930e-05
-9.502550478030570872e-05
-9.848404040114170234e-05
-1.021068190887366572e-04
-1.059036213755811353e-04
-1.098849213978444632e-04
-1.140619391750145504e-04
-1.184466951948860301e-04
-1.230520665344049254e-04
-1.278918433444607662e-04
-1.329807839987373944e-04
-1.383346665471954430e-04
-1.439703332117400389e-04
-1.499057235325149974e-04
-1.561598902499353278e-04
-1.627529900615964302e-04
-1.697062388979840683e-04
-1.770418182561092602e-04
-1.847827154017566678e-04
-1.929524759489558978e-04
-2.015748426364257417e-04
-2.106732494237099375e-04
-2.202701358816860336e-04
-2.303860442675420919e-04
-2.410384619369800464e-04
-2.522403767554058283e-04
-2.639985251534886094e-04
-2.763113336537915033e-04
-2.891665863490852141e-04
-3.025388915572750918e-04
-3.163870642860143966e-04
-3.306515732742944659e-04
-3.452521990012634326e-04
-3.600859803212823817e-04
-3.750253561026435970e-04
-3.899161018583351059e-04
-4.045742013331103323e-04
-4.187801826592351209e-04
-4.322687131288189925e-04
-4.447104187561863728e-04
-4.556819857574606202e-04
-4.646195600244630466e-04
-4.707491363489055432e-04
-4.729857505641024999e-04
-4.697904791410695800e-04
-4.589700852135917761e-04
-4.373982289001503826e-04
-4.006291871104208555e-04
-3.423648398779102243e-04
-2.537231963423246923e-04
-1.222418221196412821e-04
6.946818680292033376e-05
3.455233758358589404e-04
7.391562568056569624e-04
1.295855914876096159e-03
2.077467928509202626e-03
3.167512816326118613e-03
4.678044752996833415e-03
6.758442510668999197e-03
9.606595494898752946e-03
1.348300615160572848e-02
1.872835432819814835e-02
2.578502680935556776e-02
3.522295952782143053e-02
4.776980648143557689e-02
6.434485337272746741e-02
8.609513224281668820e-02
1.144307585242193281e-01
1.510545292477022128e-01
1.979783172015363024e-01
2.575159986122283473e-01
3.322401005054711476e-01
4.248879677091685347e-01
5.382042817069854213e-01
6.747115644822153646e-01
8.364098600659803928e-01
1.024421121611881702e+00
1.238611405995193371e+00
1.477241438175881161e+00
1.736708622763068144e+00
2.011445918084342033e+00
2.294031182109415479e+00
2.575533727794923511e+00
2.846086203138623816e+00
3.095627043728887973e+00
3.314721749579832455e+00
3.495350030708571865e+00
3.631546997654664821e+00
3.719810866204653177e+00
3.759231610143341396e+00
3.751344359451748822e+00
3.699756198634012616e+00
3.609625456195695303e+00
3.487083443407799521e+00
3.338680503071973948e+00
3.170916536747299563e+00
2.989888652349611320e+00
2.801062646791408373e+00
2.609155768463321312e+00
2.418107471866175473e+00
2.231111813324110127e+00
2.050687310942354458e+00
1.878764808442169310e+00
1.716779092704639798e+00
1.565754641454500273e+00
1.426379649981727171e+00
1.299065546125432125e+00
1.183991738102071034e+00
1.081137388653833131e+00
9.903034552885751074e-01
9.111289181657162839e-01
8.431049562097062688e-01
7.855899166897202246e-01
7.378265202746743245e-01
6.989612439608779981e-01
6.680646487481870510e-01
6.441509035049015619e-01
6.261950495118021598e-01
6.131475499583758371e-01
6.039470289341463127e-01
5.975333215911056151e-01
5.928635249525088247e-01
5.889333266341639783e-01
5.848044791101402184e-01
5.796372147701776001e-01
5.727242621040767867e-01
5.635216014196663403e-01
5.516707118596582138e-01
5.370079971973235056e-01
5.195591214286892079e-01
4.995185942378243538e-01
4.772174346984143778e-01
4.530835010085674242e-01
4.275997532952394153e-01
4.012652966937202414e-01
3.745628048923637099e-01
3.479342844807282176e-01
3.217655479843037902e-01
2.963785385636382164e-01
2.720299331420125699e-01
2.489142176045937849e-01
2.271695460083573981e-01
2.068850021816435736e-01
1.881082401892344991e-01
1.708528076299810072e-01
1.551047225914707894e-01
1.408280842338768268e-01
1.279696620553576192e-01
1.164625391085341022e-01
1.062289797393112939e-01
9.718274677305611953e-02
8.923110117097209082e-02
8.227668029811573136e-02
7.621937952941414129e-02
7.095827438827327638e-02
6.639353896713330594e-02
6.242826127606070780e-02
5.897004011326711231e-02
5.593227242073472993e-02
5.323509426227666236e-02
5.080600297949497413e-02
4.858024034627141108e-02
4.650103876910626627e-02
4.451981747030479136e-02
4.259636896730850664e-02
4.069901490042863307e-02
3.880465628395802363e-02
3.689861578808203285e-02
3.497417863861706361e-02
3.303178173770934811e-02
3.107786432916204503e-02
2.912345881345439549e-02
2.718264886682885198e-02
2.527104208775600783e-02
2.340439361410149091e-02
2.159748191043281071e-02
1.986329001451713622e-02
1.821249771864674044e-02
1.665325233935427071e-02
1.519116285589427497e-02
1.382945426615450092e-02
1.256922254155807932e-02
1.140974070906429841e-02
1.034877894075188556e-02
9.382913146982712130e-03
8.507806129990443458e-03
7.718452732171732743e-03
7.009386025341845204e-03
6.374845870605687012e-03
5.808914330689016192e-03
5.305624398042125406e-03
4.859049193182367506e-03
4.463378174215677091e-03
4.112985190394048175e-03
3.802490857576400034e-03
3.526819329208562802e-03
3.281247678542670559e-03
3.061445227377637864e-03
2.863500397969007735e-03
2.683933847125492475e-03
2.519698319132912274e-03
2.368167260851086840e-03
2.227115274229483303e-03
2.094693656454827465e-03
1.969403616533142026e-03
1.850068557246516360e-03
1.735805529030133923e-03
1.625995043774553731e-03
1.520248166686170594e-03
1.418370222324559331e-03
1.320321359727089213e-03
1.226175277734873432e-03
1.136078255563951513e-03
1.050211008903827658e-03
9.687557130795342942e-04
8.918698898522440773e-04
8.196679482578953261e-04
7.522102428816496980e-04
6.894987638059108578e-04
6.314781115010911165e-04
5.780402511412934593e-04
5.290316247287543076e-04
4.842614317121976108e-04
4.435101769644420565e-04
4.065378619512003029e-04
3.730914263096046790e-04
3.429112253054269815e-04
3.157364613119418260e-04
2.913095857315680780e-04
2.693797593087376139e-04
2.497055060205905777e-04
2.320567179300477294e-04
2.162161650392295205e-04
2.019806382290348758e-04
1.891618119963487407e-04
1.775868676379399049e-04
1.670988781521710344e-04
1.575569326972115858e-04
1.488359752079683549e-04
1.408263470866087858e-04
1.334330508862161338e-04
1.265747807986630953e-04
1.201827871632908304e-04
1.141996498612644467e-04
1.085780281395366836e-04
1.032794358024493155e-04
9.827306756132113364e-05
9.353468219503115373e-05
8.904553645359602131e-05
8.479136233062339900e-05
8.076138753959329281e-05
7.694741040878655229e-05
7.334295073226611088e-05
6.994250316766767634e-05
6.674091790089725954e-05
6.373292488401875603e-05
6.091280577591759682e-05
5.827420491013965583e-05
5.581006006446160618e-05
5.351262745173774162e-05
5.137357336225879849e-05
4.938410669565667733e-05
4.753513081572743659e-05
4.581739830172092918e-05
4.422165718439407801e-05
4.273878150849429462e-05
4.135988234385022053e-05
4.007639778394974820e-05
3.888016225497229611e-05
3.776345665595211098e-05
3.671904173138877643e-05
3.574017749612446061e-05
3.482063159875998213e-05
3.395467922279056777e-05
3.313709656902285683e-05
3.236314926995102244e-05
3.162857648960976168e-05
3.092957097985577788e-05
3.026275521293951022e-05
2.962515378333069975e-05
2.901416255365977596e-05
2.842751536215837882e-05
2.786324938243408330e-05
2.731967034157852119e-05
2.679531872729528901e-05
2.628893784274500512e-05
2.579944425935103204e-05
2.532590087571808823e-05
2.486749254960526635e-05
2.442350416463993031e-05
2.399330099619344974e-05
2.357631131216798894e-05
2.317201124491792108e-05
2.277991204398142485e-05
2.239954977538499367e-05
2.203047748391327260e-05
2.167225973810743455e-05
2.132446927318616805e-05
2.098668543837290548e-05
2.065849401286407139e-05
2.033948798974478017e-05
2.002926894797028295e-05
1.972744869440313774e-05
1.943365093601733608e-05
1.914751281487086777e-05
1.886868620607515005e-05
1.859683871849837601e-05
1.833165438422659305e-05
1.807283403974676406e-05
1.782009542919167435e-05
1.757317305749432561e-05
1.733181783968439652e-05
1.709579660665389296e-05
1.686489146876563483e-05
1.663889912021846275e-05
1.641763007523420047e-05
1.620090787406214315e-05
1.598856825927138497e-05
1.578045833389042421e-05
1.557643571910693805e-05
1.537636769122956845e-05
1.518013034114964064e-05
1.498760774749788482e-05
1.479869118411149629e-05
1.461327837585640064e-05
1.443127281549497172e-05
1.425258313283555897e-05
1.407712253694174889e-05
1.390480831560765385e-05
1.373556140183159270e-05
1.356930597712160833e-05
1.340596914657361044e-05
1.324548063942026327e-05
