6.144258102185876647e-01
5.100616123386092493e-01
4.673453934797963116e-01
1.705750023677718996e-01
1.349384865941832823e-01
3.116199051855069180e-01
1.022441770231999336e-01
9.711194417376117771e-02
2.423797095630622622e-01
1.281228243389426757e-01
1.625573068084649742e-01
4.553599547861536534e-02
6.159230739097121266e-02
6.579228377044327170e-02
5.988774063177565443e-02
1.076517514251190688e-01
2.274809108587839135e-01
1.213468070475384186e-01
8.086247729406159657e-02
1.327758996460891572e-01
5.931941188723527381e-02
6.573372878208483261e-02
6.546518840518317228e-02
2.240077094207982844e-01
1.738823256755255842e-01
2.559274154404989621e-01
