-1.950620110864746002e-06
-2.010023160226029018e-06
-2.168411436451290096e-06
-2.361150560260191749e-06
-2.503890630799375875e-06
-2.538435337161245729e-06
-2.465155111637803560e-06
-2.343915419128626446e-06
-2.262407201627631408e-06
-2.288617139333492554e-06
-2.433191162836843748e-06
-2.642513182778980062e-06
-2.826879543513196089e-06
-2.908992887221914315e-06
-2.866578148912902189e-06
-2.745647210805756148e-06
-2.636583123540391100e-06
-2.625448428413332394e-06
-2.746739413307625458e-06
-2.963512424704501281e-06
-3.186294331703388197e-06
-3.321144491330124723e-06
-3.321073392208334842e-06
-3.212695944666653754e-06
-3.083042177101028121e-06
-3.033003963617055551e-06
-3.122307282917868299e-06
-3.336013653305356002e-06
-3.591317892254345283e-06
-3.781673962220015464e-06
-3.834763471104368283e-06
-3.752792115823322985e-06
-3.612694081823152726e-06
-3.525379567929358883e-06
-3.575594651125132059e-06
-3.774994827668457904e-06
-4.054402416138249294e-06
-4.300226901780981313e-06
-4.415913058709399493e-06
-4.375203872705128372e-06
-4.237868977337332695e-06
-4.118573230471220870e-06
-4.125071318383000388e-06
-4.299031872505847484e-06
-4.591978000125572700e-06
-4.890191447984521844e-06
-5.075847658244270373e-06
-5.091549588534920969e-06
-4.972948607922067461e-06
-4.830971214580346288e-06
-4.792447781406384022e-06
-4.930907940715312639e-06
-5.225295014277272520e-06
-5.569757333052872366e-06
-5.830110264708802520e-06
-5.916895013414240257e-06
-5.835295054961037559e-06
-5.684108515900368919e-06
-5.603378496968313166e-06
-5.698422740140915209e-06
-5.981466970768582098e-06
-6.363214695044331122e-06
-6.699920928205193422e-06
-6.871212579698866088e-06
-6.846571367312078085e-06
-6.703812059195984682e-06
-6.588511937225963931e-06
-6.635513095316652257e-06
-6.894817035478226013e-06
-7.302589821346670678e-06
-7.714038531972901487e-06
-7.981314198322487651e-06
-8.034583937141626217e-06
-7.921874677588119389e-06
-7.785046835030448042e-06
-7.783846016286357245e-06
-8.008684523373184029e-06
-8.429769042055077779e-06
-8.911177669437032268e-06
-9.283422455917362683e-06
-9.435832104986592562e-06
-9.378468258720873237e-06
-9.239020989154476558e-06
-9.195119363349261646e-06
-9.377926907084616808e-06
-9.799344277981823765e-06
-1.034321719163850839e-05
-1.082663014433963300e-05
-1.109903860889983976e-05
-1.112559851899893535e-05
-1.100866151153774054e-05
-1.093441716278295752e-05
-1.107247340796875080e-05
-1.148254080462439284e-05
-1.207956861338189656e-05
-1.267763372373401928e-05
-1.309007570011112711e-05
-1.323205354017446035e-05
-1.316928666901588111e-05
-1.308514135820834954e-05
-1.318247440661976226e-05
-1.357278775300739188e-05
-1.421328243338845360e-05
-1.492734531975308595e-05
-1.549893110880419059e-05
-1.579054103074570305e-05
-1.582050951008635454e-05
-1.575632201252966753e-05
-1.582589240119493132e-05
-1.619381392155200530e-05
-1.686981147331683632e-05
-1.770034718565735276e-05
-1.844973696805997162e-05
-1.892811124673657013e-05
-1.909692321451052094e-05
-1.909356981987699116e-05
-1.915987689538080216e-05
-1.951168358516086168e-05
-2.021991751336863345e-05
-2.116875481069051805e-05
-2.211552406138506138e-05
-2.282164322508680791e-05
-2.318417649638965735e-05
-2.329571737021719758e-05
-2.339810754236124865e-05
-2.375309152114118483e-05
-2.449917640117523952e-05
-2.557309013786640640e-05
-2.674046938492999383e-05
-2.772135474239814337e-05
-2.834361655857044039e-05
-2.864056139630366131e-05
-2.883776176750044333e-05
-2.923382223087596496e-05
-3.003824287834324711e-05
-3.125459936565057198e-05
-3.267437377779344471e-05
-3.398741315376408790e-05
-3.495095738463179343e-05
-3.552557964080174955e-05
-3.590242335498106590e-05
-3.640415419058524597e-05
-3.731114378867186920e-05
-3.870680566133964944e-05
-4.042773054264460486e-05
-4.214864129128586591e-05
-4.355867037663553593e-05
-4.453409033024376389e-05
-4.521223269823521296e-05
-4.592339944192026210e-05
-4.701473945844038981e-05
-4.866045911023479279e-05
-5.076266346190761835e-05
-5.299982740082737564e-05
-5.499996588332926401e-05
-5.654621634164557024e-05
-5.770226659994385333e-05
-5.878632341970441827e-05
-6.020399394885379097e-05
-6.222857936053990437e-05
-6.484867357643428010e-05
-6.776904387495523126e-05
-7.056848279045043262e-05
-7.293174456057467702e-05
-7.482947686257382673e-05
-7.654528178495282698e-05
-7.853067879751257879e-05
-8.116330776563292020e-05
-8.453934013321569893e-05
-8.841591316615422401e-05
-9.233979107692811010e-05
-9.589650546327920151e-05
-9.894563529903106953e-05
-1.017115689973732007e-04
-1.046751756666439474e-04
-1.083203992473484042e-04
-1.128717863203644904e-04
-1.181681651910197013e-04
-1.237467508592634006e-04
-1.290976276010053728e-04
-1.339528086047257196e-04
-1.384505391464465403e-04
-1.430795739500163963e-04
-1.484271626662438852e-04
-1.548642319350588051e-04
-1.623405562547030462e-04
-1.704073707802557518e-04
-1.784623905061747870e-04
-1.860882736916140748e-04
-1.932990055920266726e-04
-2.005532947367618681e-04
-2.085186658986828046e-04
-2.177080714346627064e-04
-2.281861280796118987e-04
-2.395102585836772458e-04
-2.509467784899023632e-04
-2.618495635123194686e-04
-2.719932952906805213e-04
-2.816699666758349361e-04
-2.914814113758831837e-04
-3.019270107434370216e-04
-3.130030034713559726e-04
-3.240301778032021740e-04
-3.338048376677406098e-04
-3.409866053938701708e-04
-3.444946042077649687e-04
-3.436618502638222284e-04
-3.380133310609522703e-04
-3.267268604203381701e-04
-3.080012769107129682e-04
-2.785984124038167896e-04
-2.337127600874920391e-04
-1.671103023197657834e-04
-7.127855199354239115e-05
6.274564029120179628e-05
2.461096373229671851e-04
4.934632581214513794e-04
8.246679951809687305e-04
1.266612793167855907e-03
1.854950281860779683e-03
2.635812620912589971e-03
3.667829137899863458e-03
5.024900822980875835e-03
6.800106614673536234e-03
9.110857738442019321e-03
1.210511978880497372e-02
1.596836180350226508e-02
2.093097714803321407e-02
2.727622943863760793e-02
3.534915177929159880e-02
4.556705215980552670e-02
5.843217970665165462e-02
7.454663730237545693e-02
9.462886644495024924e-02
1.195301163208254136e-01
1.502483294453678675e-01
1.879358150898923496e-01
2.338958699141925057e-01
2.895621795174217472e-01
3.564537286569767205e-01
4.360977864593340025e-01
5.299153117391901535e-01
6.390677396634887319e-01
7.642718378236375010e-01
9.055993356675247075e-01
1.062288252947063194e+00
1.232600253460428563e+00
1.413759768796160721e+00
1.602003871585858219e+00
1.792756693314585537e+00
1.980920818691346508e+00
2.161254999339185634e+00
2.328788318568420390e+00
2.479210786044208525e+00
2.609182405300839225e+00
2.716517106070004850e+00
2.800221389300575403e+00
2.860394517680551640e+00
2.898021205561223113e+00
2.914703619314253924e+00
2.912384130867795573e+00
2.893103791068363684e+00
2.858826785799277292e+00
2.811342754130141230e+00
2.752241547391314214e+00
2.682942457516910739e+00
2.604753929366200538e+00
2.518940108098663977e+00
2.426775595484900627e+00
2.329577169097118094e+00
2.228708756025672866e+00
2.125562106001971596e+00
2.021519656942485810e+00
1.917907989959239501e+00
1.815950385631746711e+00
1.716725796048038655e+00
1.621139483680094751e+00
1.529908037652392805e+00
1.443558836268542755e+00
1.362441677213662938e+00
1.286748629556039747e+00
1.216537462374568834e+00
1.151754362659384245e+00
1.092252907773980874e+00
1.037808023845666616e+00
9.881254520101756533e-01
9.428486094590350364e-01
9.015653839307875561e-01
8.638172698907311542e-01
8.291124729681110805e-01
7.969434339600186545e-01
7.668079527379904059e-01
7.382319962635712773e-01
7.107915611855573079e-01
6.841307622716732428e-01
6.579736831892970539e-01
6.321284119236626475e-01
6.064829396753484980e-01
5.809939797381484805e-01
5.556709524737910577e-01
5.305580919967465281e-01
5.057176763392884355e-01
4.812167617674484310e-01
4.571187031608764384e-01
4.334794928369346545e-01
4.103479040280513246e-01
3.877678424073701113e-01
3.657812723482080086e-01
3.444304884101079267e-01
3.237591156506211543e-01
3.038117935108350931e-01
2.846328558738960290e-01
2.662644245195786574e-01
2.487442618299402775e-01
2.321036105986738207e-01
2.163651875238382372e-01
2.015415189665168971e-01
1.876338617050421487e-01
1.746319528263735876e-01
1.625147233130970481e-01
1.512518993228899600e-01
1.408061819612653476e-01
1.311355466219415733e-01
1.221952127108028863e-01
1.139390067634363651e-01
1.063201021416790015e-01
9.929135108345743532e-02
9.280553079115896886e-02
8.681577012958754946e-02
8.127625177741723550e-02
7.614309298847411756e-02
7.137519350268013707e-02
6.693484979689495740e-02
6.278804914893783284e-02
5.890450035183441430e-02
5.525754691297802418e-02
5.182409717304289898e-02
4.858460887321865151e-02
4.552304792446618120e-02
4.262667833987547616e-02
3.988557566898386780e-02
3.729187551121897204e-02
3.483890762498353943e-02
3.252044632252109463e-02
3.033028010833448487e-02
2.826217578527109170e-02
2.631014616373162154e-02
2.446880900597625877e-02
2.273360820863390419e-02
2.110076237276238206e-02
1.956695972607080600e-02
1.812895134333544073e-02
1.678323960564170186e-02
1.552599694948068355e-02
1.435321916741390431e-02
1.326099094530524582e-02
1.224568726398850629e-02
1.130397984038034216e-02
1.043263530496992345e-02
9.628215160147690979e-03
8.886848663640600082e-03
8.204215562101562290e-03
7.575765362105472273e-03
6.997074030175309996e-03
6.464165999775680661e-03
5.973648288454028697e-03
5.522603564978214447e-03
5.108315779448261568e-03
4.727987377783678807e-03
4.378606152543199591e-03
4.057034395524134439e-03
3.760270430315770015e-03
3.485739249756843964e-03
3.231454519395316610e-03
2.995965064781152404e-03
2.778115548717384302e-03
2.576749772639707562e-03
2.390512929412521356e-03
2.217852232292944620e-03
2.057205662045322962e-03
1.907266176548194810e-03
1.767168920627872281e-03
1.636492503557067163e-03
1.515067703865688540e-03
1.402691963522405922e-03
1.298898876457356714e-03
1.202901601060208043e-03
1.113734899315889024e-03
1.030513847652111091e-03
9.526658517705509019e-04
8.800090618244296465e-04
8.126348852137505125e-04
7.506586494907543320e-04
6.939729861716782298e-04
6.421355813388612225e-04
5.944490105995654285e-04
5.501861613592248443e-04
5.088368394755588692e-04
4.702413162361081950e-04
4.345393429584487577e-04
4.019638396483737517e-04
3.725922562610288762e-04
3.461904240115925646e-04
3.222324217165989119e-04
3.000840447157938884e-04
2.792491688160145214e-04
2.595452763295987117e-04
2.411139504884199792e-04
2.242621765657631786e-04
2.092216874064820726e-04
1.959569765611671426e-04
1.841250077868440758e-04
1.732066695781644202e-04
1.627370161122129472e-04
1.525086404086423869e-04
1.426382252484165972e-04
1.334612840473244002e-04
1.253132786720910974e-04
1.183161721893171906e-04
1.122854499368901001e-04
1.068064911040317430e-04
1.014372054232340581e-04
9.592599622195676268e-05
9.032682470651986074e-05
8.494983167210473553e-05
8.017542623550633280e-05
7.623334455189729444e-05
7.306627583530062649e-05
7.035094349714815520e-05
6.766381252359422987e-05
6.470052931969602573e-05
6.142991804998803771e-05
5.809973102827188646e-05
5.509218514550098166e-05
5.270855277497075276e-05
5.099979876531223209e-05
4.973442583045055388e-05
4.851978288071998963e-05
4.700999081689154901e-05
4.508733678903919964e-05
4.291922303612885907e-05
4.086081203704537864e-05
3.925718186414626083e-05
3.825273664734576241e-05
3.771087661259699510e-05
3.728653011728209102e-05
3.661116578834694408e-05
3.548937506620132809e-05
3.400060437697600979e-05
3.245169410377615575e-05
3.120696486305328396e-05
3.048862372618183476e-05
3.025564689965513132e-05
3.022607771903331161e-05
3.002965046764152478e-05
2.940725510272704357e-05
2.834901007943443113e-05
2.709667222395264593e-05
2.601000704719833514e-05
2.537032957418021889e-05
2.522790972354340140e-05
2.537548348873845582e-05
2.546134189306261002e-05
2.517987772214190636e-05
2.443598588357954931e-05
2.339454585410039110e-05
2.238896675859022121e-05
2.173918886252263944e-05
2.157818853931887780e-05
2.178079194391193939e-05
2.203265097457263939e-05
2.200116613407428280e-05
2.151523125504254376e-05
2.065649218990247535e-05
1.971329651184219168e-05
1.902310418773281995e-05
1.878931492870927297e-05
1.897177795554410258e-05
1.930977425157831095e-05
1.946422779659193157e-05
1.920147322191849716e-05
1.851889231033171769e-05
1.764478412701327528e-05
1.691328722859696443e-05
1.658277492440598369e-05
1.669632639432388205e-05
1.705952986898424744e-05
1.734694544153337736e-05
1.727887028877465617e-05
1.677234469048159967e-05
1.598482842280680546e-05
1.522752268674424193e-05
1.479598301717749660e-05
1.481015639184019822e-05
1.515035756357156104e-05
1.552329778125543760e-05
1.562171019756836536e-05
1.529066691894250674e-05
1.461053992438863958e-05
1.385216178340417880e-05
