2.418786203126459255e-02
2.276463505266786494e-02
2.142796182243371719e-02
2.016873581854047512e-02
1.897917363311605460e-02
1.785280351594234136e-02
1.678437001722894728e-02
1.576967210846154377e-02
1.480536194572734839e-02
1.388873465714320771e-02
1.301753627815429790e-02
1.218980892317748227e-02
1.140378203049556560e-02
1.065780864479283323e-02
9.950338185429789123e-03
9.279913014148667358e-03
8.645175429448571924e-03
8.044873807583192288e-03
7.477860408475764734e-03
6.943077714374148134e-03
6.439534084701189001e-03
5.966272326457028839e-03
5.522336201424566347e-03
5.106739967455610311e-03
4.718445082892593762e-03
4.356346625029746365e-03
4.019270230319877020e-03
3.705978815226099263e-03
3.415187206013718321e-03
3.145582179352780523e-03
2.895845273356211554e-03
2.664675989821435782e-03
2.450813569229476092e-03
2.253056273978094361e-03
2.070277959011652350e-03
1.901442543044341849e-03
1.745617727829106968e-03
1.601989880669975157e-03
1.469882370732279340e-03
1.348779860079323120e-03
1.238361176807309784e-03
1.138543561498880918e-03
1.049541419743632402e-03
9.719433709289408436e-04
9.068124791386487915e-04
8.558161863118131114e-04
8.213947182430675906e-04
8.069796498482342383e-04
8.172779083924587356e-04
8.586407167963833490e-04
9.395417150173230279e-04
1.071193541337792316e-03
1.268337214302072856e-03
1.550243359153551494e-03
1.941968251537018724e-03
2.475910409705535994e-03
3.193714817178372987e-03
4.148571942720143471e-03
5.407958337365391735e-03
7.056866376895558346e-03
9.201575085996095693e-03
1.197402438231373774e-02
1.553687243692884919e-02
2.008933698086673089e-02
2.587393566597682298e-02
3.318422645892014217e-02
4.237357157211538161e-02
5.386475960711212263e-02
6.815996482512266808e-02
8.584995020634454688e-02
1.076206128426197284e-01
1.342539717991658998e-01
1.666196600653662152e-01
2.056521885832192920e-01
2.523091187738052410e-01
3.075062978553998461e-01
3.720288981279431528e-01
4.464213059092735914e-01
5.308645895873626008e-01
6.250563767191908982e-01
7.281129470801377401e-01
8.385153846538554445e-01
9.541191676865499183e-01
1.072238945631319051e+00
1.189808181756588645e+00
1.303599069121739618e+00
1.410474994297078233e+00
1.507639369437432597e+00
1.592843505678059213e+00
1.664523132475224321e+00
1.721846719297140282e+00
1.764675602593507975e+00
1.793451877252813409e+00
1.809041317026983453e+00
1.812562996351834377e+00
1.805234583987614494e+00
1.788254104859363869e+00
1.762728072247121025e+00
1.729645190105706831e+00
1.689886576148773578e+00
1.644258837880288926e+00
1.593535426452019177e+00
1.538493768656719718e+00
1.479939600943392719e+00
1.418714519156711207e+00
1.355687021793189340e+00
1.291730575571374606e+00
1.227694116449071782e+00
1.164370876165955471e+00
1.102470711322340646e+00
1.042599599732960902e+00
9.852481151498002632e-01
9.307889144564298611e-01
8.794818705480241805e-01
8.314846098413043451e-01
7.868658853010320753e-01
7.456193685986914899e-01
7.076759732487576393e-01
6.729136032363979281e-01
6.411641231648226302e-01
6.122182097298831671e-01
5.858293989622772591e-01
5.617189329981152612e-01
5.395828413065933971e-01
5.191020799394528984e-01
4.999556397437369126e-01
4.818355613526288383e-01
4.644620350422480337e-01
4.475964395129817808e-01
4.310503841498194988e-01
4.146895080682518331e-01
3.984317652496509599e-01
3.822409264087371361e-01
3.661168049422879878e-01
3.500841002465771568e-01
3.341817023898268624e-01
3.184538902909234137e-01
3.029442321705607122e-01
2.876923366520630632e-01
2.727330535090872754e-01
2.580973750386759691e-01
2.438141673521143082e-01
2.299119363536208382e-01
2.164200436440385511e-01
2.033690599824166112e-01
1.907902116998240749e-01
1.787140892087176469e-01
1.671689188303226714e-01
1.561787434324926338e-01
1.457618255481233638e-01
1.359295022513190010e-01
1.266856122157367093e-01
1.180265079450520255e-01
1.099415789425814693e-01
1.024141543661402781e-01
9.542262819507203730e-02
8.894165236330327240e-02
8.294326731479118031e-02
7.739787791903875169e-02
7.227502845989787483e-02
6.754397613164302150e-02
6.317410071744031241e-02
5.913521224538346305e-02
5.539782412642083043e-02
5.193344622901723689e-02
4.871492483641182841e-02
4.571682262909779887e-02
4.291580155944341168e-02
4.029095329629045485e-02
3.782402054566584571e-02
3.549946762379276033e-02
3.330438511346634628e-02
3.122824341981374208e-02
2.926253548814703592e-02
2.740036392522051875e-02
2.563602987030465935e-02
2.396467143617022483e-02
2.238198231181515174e-02
2.088402126719679508e-02
1.946710552295734253e-02
1.812776848622434794e-02
1.686275655978336854e-02
1.566904022377431024e-02
1.454381977316760756e-02
1.348451381657182584e-02
1.248872677200856506e-02
1.155419844194693554e-02
1.067874328010357324e-02
9.860188842241357152e-03
9.096322407507332133e-03
8.384852536405877979e-03
7.723389238989170243e-03
7.109443259123481365e-03
6.540442334833676888e-03
6.013760502863260519e-03
5.526755664154848688e-03
5.076810629260325447e-03
4.661373542937287916e-03
4.277994743791104469e-03
3.924358550632665518e-03
3.598309995372066510e-03
3.297877968121158167e-03
3.021297453764931491e-03
2.767034421583607247e-03
2.533817461274889653e-03
2.320680516854639261e-03
2.127021219713723117e-03
1.952679588381370452e-03
1.798042489640724363e-03
1.664180472678779927e-03
1.553025588529261761e-03
1.467601742639859132e-03
1.412323106515540796e-03
1.393381189946913410e-03
1.419247329897428385e-03
1.501324465156165600e-03
1.654789887381730639e-03
1.899678795133752807e-03
2.262266392417432940e-03
2.776813316608813757e-03
3.487744651932122523e-03
4.452336073987866495e-03
5.743981518790370472e-03
7.456115662408354001e-03
9.706863109945996354e-03
1.264448763591763565e-02
1.645372326510187444e-02
2.136308817280821795e-02
2.765331260370383279e-02
3.566704551156136410e-02
4.582002001134317937e-02
5.861381458405061362e-02
7.465018280747220958e-02
9.464655711621976220e-02
1.194516720603681775e-01
1.500592287713288786e-01
1.876161264058350264e-01
2.334201317060196068e-01
2.889002424220611931e-01
3.555719449284408529e-01
4.349597882940007820e-01
5.284819786559477039e-01
6.372966312970668179e-01
7.621169613099336715e-01
9.030122401905866791e-01
1.059220965905388168e+00
1.229009715377436640e+00
1.409612652676387468e+00
1.597280426512666329e+00
1.787452678434751308e+00
1.975047447410559931e+00
2.154837598190969761e+00
2.321864674210359247e+00
2.471829787804809442e+00
2.601402873797540316e+00
2.708406138706022759e+00
2.791851556033047910e+00
2.851839840599887044e+00
2.889352685959789557e+00
2.905985592952278651e+00
2.903672563541722429e+00
2.884446814892479782e+00
2.850266764697359623e+00
2.802918531295178095e+00
2.743989626333571241e+00
2.674896626059672489e+00
2.596943794360123459e+00
2.511389609744125284e+00
2.419502491096475971e+00
2.322593810717138219e+00
2.222023669365929877e+00
2.119181409827663565e+00
2.015447506669514777e+00
1.912145871176262890e+00
1.810495815549352461e+00
1.711571371672569786e+00
1.616273030363880814e+00
1.525313987535772409e+00
1.439220279761913579e+00
1.358342177693804942e+00
1.282873058215772133e+00
1.212871678930077746e+00
1.148284200269764188e+00
1.088963261546765482e+00
1.034682718864465389e+00
9.851480742489259201e-01
9.400039156497921322e-01
8.988405829077430464e-01
8.612025533432292601e-01
8.266005978832962064e-01
7.945286694356470392e-01
7.644850141336009264e-01
7.359955395315153082e-01
7.086364464696401910e-01
6.820528357887484239e-01
6.559705298943537821e-01
6.301995561896155396e-01
6.046292908754571371e-01
5.792167464786723841e-01
5.539705439148694399e-01
5.289335293247620085e-01
5.041667585748226266e-01
4.797368286120643477e-01
4.557075350540677472e-01
4.321358442169722647e-01
4.090713932432662459e-01
3.865582867034743630e-01
3.646378560366821953e-01
3.433512277285223901e-01
3.227409039583927219e-01
3.028509836900448171e-01
2.837260464629841605e-01
2.654090183191933350e-01
2.479385061351474795e-01
2.313461217759997801e-01
2.156542446678545166e-01
2.008745294416237059e-01
1.870072971330209999e-01
1.740417911780365590e-01
1.619571582345500083e-01
1.507239400494707615e-01
1.403058360613716193e-01
1.306615099157557580e-01
1.217462562758294536e-01
1.135134063302095514e-01
1.059154203382919324e-01
9.890468236046258410e-02
9.243406511368136569e-02
8.645736251033599162e-02
8.092968885481877095e-02
7.580791812893956927e-02
7.105119233843502913e-02
6.662147762906989179e-02
6.248410532539008799e-02
5.860821377147682615e-02
5.496701106791693214e-02
5.153780606364741917e-02
4.830179643388990418e-02
4.524364628673690353e-02
4.235092006135940390e-02
3.961345692320570461e-02
3.702276827564564277e-02
3.457152340832289616e-02
3.225316115302204883e-02
3.006163627640121364e-02
2.799128471650423264e-02
2.603677576891655354e-02
2.419311324490310000e-02
2.245565034937534524e-02
2.082009190582577440e-02
1.928246934603677909e-02
1.783908556388646288e-02
1.648643604430690551e-02
1.522111836894037180e-02
1.403974402531233540e-02
1.293886497916083532e-02
1.191492379177003062e-02
1.096423142199543822e-02
1.008297235633338895e-02
9.267233139076614529e-03
8.513048115855943385e-03
7.816455305643923296e-03
7.173555604815413760e-03
6.580569725013293847e-03
6.033889076794949485e-03
5.530118948547050467e-03
5.066114527803824118e-03
4.639012324703400102e-03
4.246261184098844114e-03
3.885658197050107735e-03
3.555395449873215760e-03
3.254123823341178480e-03
2.981040237919863837e-03
2.736005165781060441e-03
2.519698242157298023e-03
2.333821720054943434e-03
2.181364579536959093e-03
2.066944519256683037e-03
1.997250952006013412e-03
1.981619545375944928e-03
2.032777728231475491e-03
2.167810705191793030e-03
2.409408478487307537e-03
2.787465560948877881e-03
3.341115676984133219e-03
4.121292849324772328e-03
5.193916886541144126e-03
6.643804647342069387e-03
8.579408397890155025e-03
1.113848012421954359e-02
1.449475862438217959e-02
1.886577937767466503e-02
2.452192152054981020e-02
3.179683630985177117e-02
4.109944566526108067e-02
5.292774327924580635e-02
6.788463908388835122e-02
8.669599753667149578e-02
1.102307376907827596e-01
1.395222703631789352e-01
1.757895233171385130e-01
2.204542659260296245e-01
2.751494115445226596e-01
3.417106598345028279e-01
4.221417257516110189e-01
5.185422789308705704e-01
6.329886211948291264e-01
7.673611148438739260e-01
9.231201245792908239e-01
1.101043578713248428e+00
1.300952740566511778e+00
1.521465557312226213e+00
1.759825151534010423e+00
2.011850711205853681e+00
2.272046588332214956e+00
2.533882842835052163e+00
2.790230154480973557e+00
3.033900419507704616e+00
3.258219441489439205e+00
3.457547098142239594e+00
3.627667174268669914e+00
3.765992882065830827e+00
3.871569345019523656e+00
3.944892234116779584e+00
3.987593073857167880e+00
4.002059546004102408e+00
3.991060651991072294e+00
3.957433627534762799e+00
3.903867234579545098e+00
3.832791103046089720e+00
3.746359125842624760e+00
3.646500413961081932e+00
3.535005324439409069e+00
3.413615718902053953e+00
3.284095672050242332e+00
3.148268641294436510e+00
3.008017159629671866e+00
2.865249551557494279e+00
2.721843863552808163e+00
2.579581744152488199e+00
2.440084637488491470e+00
2.304762076359677447e+00
2.174778044735213633e+00
2.051037312550805236e+00
1.934190126375703978e+00
1.824651156434484056e+00
1.722627322282708429e+00
1.628148973407255173e+00
1.541099681695888624e+00
1.461241353790466491e+00
1.388233214298412177e+00
1.321645135585427955e+00
1.260967448558514725e+00
1.205620410457544089e+00
1.154966659166141163e+00
1.108329160411326564e+00
1.065015519092469276e+00
1.024347489645927256e+00
9.856926404992178981e-01
9.484939443346754873e-01
9.122929299378549350e-01
8.767429908380882653e-01
8.416112331803510260e-01
8.067693691461337302e-01
7.721760683304766948e-01
7.378544187719435765e-01
7.038684971723292438e-01
6.703025389627894626e-01
6.372450786410449597e-01
6.047790522989380246e-01
5.729775641901253547e-01
5.419040706237020499e-01
5.116152464172940562e-01
4.821647622457150284e-01
4.536065141941613144e-01
4.259963637107232470e-01
3.993920185379008503e-01
3.738511914608041442e-01
3.494285342415129336e-01
3.261720251213521826e-01
3.041194971882960618e-01
2.832958699078424458e-01
2.637114421158243127e-01
2.453613786465085045e-01
2.282263211062295349e-01
2.122739053751599991e-01
1.974608853199739389e-01
1.837355408349500008e-01
1.710400774376882871e-01
1.593127899352587695e-01
1.484898494850874218e-01
1.385066671153480644e-01
1.292988727097410251e-01
1.208030124811974165e-01
1.129570989353243238e-01
1.057011403886149170e-01
9.897773609765574132e-02
9.273276055479505453e-02
8.691609484388816698e-02
8.148231296007228674e-02
