3.834759484823013764e-02
4.119158738274506654e-02
4.425505328146313311e-02
4.756379650280502525e-02
5.114652006305682452e-02
5.503457462934312205e-02
5.926167197194876640e-02
6.386360756994924337e-02
6.887801427190595738e-02
7.434413718787823144e-02
8.030258787021624101e-02
8.679501270820422221e-02
9.386360344670686973e-02
1.015503899611862326e-01
1.098962856563940327e-01
1.189398994569153684e-01
1.287161787026351589e-01
1.392549968813691919e-01
1.505798410749334681e-01
1.627067777120698444e-01
1.756438727843078751e-01
1.893912062336938762e-01
2.039415459000406827e-01
2.192816379878990973e-01
2.353939426861242079e-01
2.522585202894023215e-01
2.698546874385140959e-01
2.881620485597524706e-01
3.071605906119609930e-01
3.268297202521875944e-01
3.471464086579053587e-01
3.680829499562261464e-01
3.896051664623110811e-01
4.116721191921757228e-01
4.342384123271780250e-01
4.572599428698094770e-01
4.807034195166104973e-01
5.045592119520705410e-01
5.288562329083676961e-01
5.536768069206103871e-01
5.791690661983361910e-01
6.055545083404776374e-01
6.331290059266876380e-01
6.622566681969878077e-01
6.933572648908427061e-01
7.268890921293752472e-01
7.633298674173888410e-01
8.031582845382505553e-01
8.468382288985755180e-01
8.948065358605604702e-01
9.474638916320041737e-01
1.005167385088428400e+00
1.068222603348704336e+00
1.136873163175012635e+00
1.211286162983026049e+00
1.291533080082359453e+00
1.377566913627154221e+00
1.469197661991402004e+00
1.566069311054514079e+00
1.667642192454915184e+00
1.773184646393395791e+00
1.881777213704559193e+00
1.992330990953758985e+00
2.103619379417528190e+00
2.214319544565450215e+00
2.323057017895801657e+00
2.428444728001270203e+00
2.529107082923205407e+00
2.623681138838724891e+00
2.710790668129178016e+00
2.788994920384890719e+00
2.856721339910772262e+00
2.912199156470773431e+00
2.953416769199245451e+00
2.978128090667110150e+00
2.983929625608684688e+00
2.968420059791091692e+00
2.929438176405013916e+00
2.865355649124327275e+00
2.775383096643450287e+00
2.659835910837332396e+00
2.520305191228143560e+00
2.359690622262232473e+00
2.182074854072959091e+00
1.992448028747055400e+00
1.796319528945720334e+00
1.599274755317378949e+00
1.406542818025450670e+00
1.222635079465142605e+00
1.051096935594710846e+00
8.943912920041474646e-01
7.539080948016256833e-01
6.300753459460618489e-01
5.225363859509474240e-01
4.303563477093121370e-01
3.522258672054629502e-01
2.866394627796611250e-01
2.320364112761295616e-01
1.869010797680864533e-01
1.498261922453404393e-01
1.195461191533874201e-01
9.494839805930643806e-02
7.507110129598029702e-02
5.909216976517246006e-02
4.631507814048015093e-02
3.615359989215364417e-02
2.811719893820108229e-02
2.179772865796996903e-02
1.685761689164300484e-02
1.301946758128293656e-02
1.005692344300636656e-02
7.786633415908602966e-03
6.061200685858829894e-03
4.763021165124219081e-03
3.798945124811717571e-03
3.095704139364260921e-03
2.596045127096084475e-03
2.255508101822633043e-03
2.039778549135936279e-03
1.922541742741114539e-03
1.883765910458848640e-03
1.908343954164780885e-03
1.985028841784947096e-03
2.105605010641752647e-03
2.264246317726185780e-03
2.457019501050417692e-03
2.681500177637677861e-03
2.936475664466992735e-03
3.221715098283714062e-03
3.537792317593495446e-03
3.885950732145532129e-03
4.268002000746784486e-03
4.686251898088848733e-03
5.143447479017639566e-03
5.642739819034688076e-03
6.187656547675127183e-03
6.782078427512321962e-03
7.430214641971932300e-03
8.136572407893864420e-03
8.905918056282876444e-03
9.743228731224542333e-03
1.065363615199325410e-02
1.164236621800378638e-02
1.271468032415854973e-02
1.387582577449145149e-02
1.513100328324671479e-02
1.648535888721897047e-02
1.794400540897850976e-02
1.951207488618648261e-02
2.119479847075797854e-02
2.299760501066521606e-02
2.492622507680791744e-02
2.698678502620257061e-02
2.918587713074705103e-02
3.153059767266876146e-02
3.402855515198498909e-02
3.668786415011009161e-02
3.951715450357368153e-02
4.252563681057736078e-02
4.572327002673581831e-02
4.912107158815864211e-02
5.273159334405749799e-02
5.656955853793885908e-02
6.065262046845827648e-02
6.500216970562754104e-02
6.964409290178073808e-02
7.460938055845638128e-02
7.993449811399272464e-02
8.566147291034340028e-02
9.183770078917739832e-02
9.851552692058973548e-02
1.057516911389344005e-01
1.136067368889673718e-01
1.221444605256332139e-01
1.314314291159240922e-01
1.415365332616103089e-01
1.525304844158917594e-01
1.644851305049595813e-01
1.774724606551432715e-01
1.915632026488751083e-01
2.068249806859750461e-01
2.233200857992460875e-01
2.411030037534654669e-01
2.602179313921337278e-01
2.806965775991058232e-01
3.025565739544545663e-01
3.258007974543993823e-01
3.504178212581316454e-01
3.763835561712908784e-01
4.036639375497042548e-01
4.322182807198356458e-01
4.620027219752493308e-01
4.929730411877686902e-01
5.250861830927354701e-01
5.582999965977937240e-01
5.925711017193519003e-01
6.278513348295458041e-01
6.640838285300117994e-01
7.012003210665014308e-01
7.391216015701690401e-01
7.777629252985616137e-01
8.170456719598007123e-01
8.569154670763817760e-01
8.973655790076111582e-01
9.384629247914370032e-01
9.803728450772547509e-01
1.023378319523797764e+00
1.067889740794650377e+00
1.114442764791272689e+00
1.163683842773190369e+00
1.216345317353012545e+00
1.273213827807408327e+00
1.335096703145338681e+00
1.402790760182250018e+00
1.477056550293074588e+00
1.558599016664754755e+00
1.648053329632135355e+00
1.745972960833790166e+00
1.852816266841405657e+00
1.968928139142362754e+00
2.094514530044549350e+00
2.229609584090617602e+00
2.374037311279092233e+00
2.527371850760913308e+00
2.688902038101449232e+00
2.857606868969662539e+00
3.032148223979722612e+00
3.210885621710307891e+00
3.391914710078783646e+00
3.573126907923235507e+00
3.752282683446409361e+00
3.927086394827485893e+00
4.095247633943279730e+00
4.254513787845940698e+00
4.402661923893650631e+00
4.537445387077178260e+00
4.656501153427337947e+00
4.757236565090621205e+00
4.836726183180116045e+00
4.891657968399703904e+00
4.918369418559684902e+00
4.913005890889546201e+00
4.871814167530772011e+00
4.791556302838792192e+00
4.669997101923432758e+00
4.506390951891054542e+00
4.301878527627795989e+00
4.059707463795289684e+00
3.785215247480364198e+00
3.485553370359335101e+00
3.169180048653074788e+00
2.845192776353914876e+00
2.522600730218437892e+00
2.209643944718211905e+00
1.913250703931029584e+00
1.638692173257441098e+00
1.389453184046173018e+00
1.167300319910510975e+00
9.725009139952787152e-01
8.041331829628187711e-01
6.604282000316813450e-01
5.390952483643997040e-01
4.375983080227144328e-01
3.533682201073577445e-01
2.839489899916541882e-01
2.270860532928285769e-01
1.807690182222791153e-01
1.432423259828263795e-01
1.129957652975387555e-01
8.874411314014653274e-02
6.940231212856015630e-02
5.406011175363855531e-02
4.195823902363421398e-02
3.246693899536128025e-02
2.506702788994323930e-02
1.933327828809535201e-02
1.491986118036590925e-02
1.154758879496439565e-02
8.992758898104722537e-03
7.077453977147808023e-03
5.661181333748666229e-03
4.633752228673199830e-03
3.909296533655544706e-03
3.421301826573706906e-03
3.118558701999011445e-03
2.961890777682207269e-03
2.921549664009183856e-03
2.975161720630915656e-03
3.106123681661984801e-03
3.302356864404269298e-03
3.555343397161834975e-03
3.859381597973279236e-03
4.211010443285733915e-03
4.608564386727308920e-03
5.051829278356455809e-03
5.541777656610128583e-03
6.080367257410389595e-03
6.670390345888146250e-03
7.315363671166913787e-03
8.019449827583170071e-03
8.787401030268090357e-03
9.624516292047842134e-03
1.053660321833189105e-02
1.152993650422070616e-02
1.261120692883187754e-02
1.378745719062634580e-02
1.506600412435379031e-02
1.645435036643392787e-02
1.796009199781613622e-02
1.959083164887434961e-02
2.135410850983233272e-02
2.325735712723039569e-02
2.530790529145244064e-02
2.751301742987568091e-02
2.987998381286435801e-02
3.241624825186194270e-02
3.512955919528202436e-02
3.802812314235869823e-02
4.112073724455241053e-02
4.441688168488146238e-02
4.792676284785170326e-02
5.166131490752422228e-02
5.563218798857600539e-02
5.985177144439882829e-02
6.433331567697556097e-02
6.909121958218772397e-02
7.414153855258018289e-02
7.950273827058447484e-02
8.519667490542331967e-02
9.124973042422235281e-02
9.769398436246239104e-02
1.045682740145867651e-01
1.119189947584065259e-01
1.198005258048701477e-01
1.282752293701717450e-01
1.374130487915336540e-01
1.472908026637121670e-01
1.579913163186439096e-01
1.696025339415808131e-01
1.822167112068842909e-01
1.959297101395206797e-01
2.108403266233262185e-01
2.270495028979006846e-01
2.446592356958835479e-01
2.637709990999931309e-01
2.844835612661296143e-01
3.068901764124156717e-01
3.310752613020895851e-01
3.571107990901268847e-01
3.850528322202860787e-01
4.149384887579119496e-01
4.467840109458374731e-01
4.805841996196729138e-01
5.163135386184853903e-01
5.539290197965487383e-01
5.933743757196101587e-01
6.345850954551549572e-01
6.774933246577852231e-01
7.220316207837931266e-01
7.681346251285563476e-01
8.157380716345260518e-01
8.647751728683913397e-01
9.151712354549641493e-01
9.668382197251044197e-01
1.019671670146050424e+00
1.073552771945962547e+00
1.128358023794228782e+00
1.183978035961241959e+00
1.240345310035460891e+00
1.297468779611899548e+00
1.355470836825305891e+00
1.414621091668429864e+00
1.475360720192397057e+00
1.538312242372429361e+00
1.604271858075085655e+00
1.674184589775369325e+00
1.749105663605740046e+00
1.830153953246759224e+00
1.918464245572092608e+00
2.015144301036298824e+00
2.121240413610450570e+00
2.237712088480340533e+00
2.365413426104200578e+00
2.505076642977711820e+00
2.657292397119944027e+00
2.822482346781116203e+00
3.000861416797378389e+00
3.192390108716490538e+00
3.396720317961786861e+00
3.613140982675268731e+00
3.840531995718078129e+00
4.077335697980561946e+00
4.321554501596715170e+00
4.570780446984924694e+00
4.822257744661060386e+00
5.072973026505565031e+00
5.319761129152368540e+00
5.559408239815318176e+00
5.788730869002463919e+00
6.004609946207200899e+00
6.203965387029739098e+00
6.383667879449231641e+00
6.540400350609528957e+00
6.670499260067293434e+00
6.769821893331243068e+00
6.833695641550175282e+00
6.857004202514065838e+00
6.834450357491797412e+00
6.761005011256974839e+00
6.632511285281635693e+00
6.446368818548161350e+00
6.202188281158908190e+00
5.902290712614332691e+00
5.551938209379716938e+00
5.159222363633386266e+00
4.734597274462800875e+00
4.290110957332493591e+00
3.838446041496773820e+00
3.391913714380863087e+00
2.961546643160071657e+00
2.556408484793006863e+00
2.183188734646473339e+00
1.846095581832820409e+00
1.547009660629426353e+00
1.285827871543455680e+00
1.060912786584520484e+00
8.695678829521621411e-01
7.084763803140405880e-01
5.740647327777663733e-01
4.627745328821790127e-01
3.712445066308568964e-01
2.964156540229840875e-01
2.355776820509985214e-01
1.863751652440676920e-01
1.467892303598667403e-01
1.151066853595244244e-01
8.988460493979794075e-02
6.991512309583788887e-02
5.419281432472895094e-02
4.188553536493026114e-02
3.230877367449323800e-02
2.490319224059733827e-02
1.921497842300359804e-02
1.487865093002330684e-02
1.160206027476512122e-02
9.153386061926978637e-03
7.349973274943990414e-03
6.048861986544263811e-03
5.138860773921124538e-03
4.534004196985953056e-03
4.168226651170267583e-03
3.991082730674840040e-03
3.964348986218350392e-03
4.059352876055585292e-03
4.254890184309346318e-03
4.535610388254972258e-03
4.890768679014762151e-03
5.313262140931467904e-03
5.798884887614850353e-03
6.345752020357912915e-03
6.953854731590388728e-03
7.624718605669938629e-03
8.361144249477215837e-03
9.167014050554266741e-03
1.004715148556378258e-02
1.100722050595622815e-02
1.205365275311625836e-02
1.319359040097469252e-02
1.443483293608931704e-02
1.578577763403078704e-02
1.725534608596992689e-02
1.885289279847090355e-02
2.058809632819317420e-02
2.247083816281829002e-02
2.451107907746263859e-02
2.671874637645967401e-02
2.910364761029191061e-02
3.167542634021863063e-02
3.444357269909909675e-02
3.741749556677326227e-02
4.060665444580673078e-02
4.402073872671399130e-02
4.766987200063309282e-02
5.156481209762751178e-02
5.571711641959996991e-02
6.013924911683365265e-02
6.484462255952919141e-02
6.984758916810024365e-02
7.516342738637282750e-02
8.080839155017968678e-02
8.679991226195117593e-02
9.315703423276781858e-02
9.990115702000884612e-02
1.070570995952598581e-01
1.146544472535584586e-01
1.227290706116182933e-01
1.313246478569554121e-01
1.404939905653214693e-01
1.502999834985675465e-01
1.608160033460113991e-01
