-1.947052939164734807e-06
-2.006292009621695379e-06
-2.157278012718207647e-06
-2.339304952912394622e-06
-2.473761832096280083e-06
-2.506890217603077363e-06
-2.439782335916600504e-06
-2.328905311678230026e-06
-2.256264547234707468e-06
-2.284955047420917168e-06
-2.424184037674264086e-06
-2.623141024006906790e-06
-2.797660543359872149e-06
-2.875715985969354794e-06
-2.837172712101335876e-06
-2.725882337608385869e-06
-2.626929108919808667e-06
-2.620807556015071948e-06
-2.739199111762841070e-06
-2.946632866388634263e-06
-3.158605926827880080e-06
-3.286954668967530929e-06
-3.288139037994554279e-06
-3.188018786920902663e-06
-3.069066007193776164e-06
-3.026278734174914717e-06
-3.115349659161538382e-06
-3.321359613620069631e-06
-3.565571358994464829e-06
-3.747354067102788121e-06
-3.798944587829715166e-06
-3.723270125894478589e-06
-3.593756000372439814e-06
-3.515471665190285181e-06
-3.568156745377951284e-06
-3.762011685477916820e-06
-4.030748222469329118e-06
-4.266446419516738661e-06
-4.377929090468165601e-06
-4.341107060508220214e-06
-4.213529157605726149e-06
-4.104452248795352759e-06
-4.115967034855112494e-06
-4.286893959130123096e-06
-4.570269800559098315e-06
-4.857432737159604647e-06
-5.036416458824329029e-06
-5.053307283809099234e-06
-4.942975523405985625e-06
-4.811724969719953728e-06
-4.780427774403425868e-06
-4.918550321656952302e-06
-5.205070554319432277e-06
-5.538250016106896335e-06
-5.789865129292489228e-06
-5.875033817194882623e-06
-5.799651191769045997e-06
-5.658977494660309023e-06
-5.587187942303963004e-06
-5.684584138574553056e-06
-5.961945735599012416e-06
-6.332881677067570666e-06
-6.659326095194791562e-06
-6.826278576976907212e-06
-6.805375485783404682e-06
-6.672203263967490265e-06
-6.566939492937646278e-06
-6.618784344738583098e-06
-6.874912532144863979e-06
-7.273006842789532659e-06
-7.673307418921332444e-06
-7.933783103965527320e-06
-7.988050298676059062e-06
-7.883351079019695928e-06
-7.756958077070039338e-06
-7.762717202295704025e-06
-7.987027079055618312e-06
-8.400137714445667718e-06
-8.870196983469047849e-06
-9.233601398747539801e-06
-9.384187969457658422e-06
-9.332711031871011937e-06
-9.203369805764190052e-06
-9.168017818807921394e-06
-9.352890834121294539e-06
-9.768476211246311192e-06
-1.030147826582845392e-05
-1.077455410576517653e-05
-1.104242164493580083e-05
-1.107233996754721175e-05
-1.096447318924482201e-05
-1.089972759896881719e-05
-1.104220034617040620e-05
-1.144884773442323708e-05
-1.203610483329960647e-05
-1.262295808323506242e-05
-1.302841249651227883e-05
-1.317097882035644037e-05
-1.311560643051118023e-05
-1.304119848799703220e-05
-1.314488242067475015e-05
-1.353426942753318216e-05
-1.416660830090102713e-05
-1.486923329390889625e-05
-1.543179638312448367e-05
-1.572115604470596272e-05
-1.575630964221538805e-05
-1.570136464607066034e-05
-1.577865778224451276e-05
-1.614803163952464068e-05
-1.681785443431247897e-05
-1.763734683928111908e-05
-1.837618986297420752e-05
-1.884957181029062710e-05
-1.902096001009921812e-05
-1.902564297682275999e-05
-1.910037192298981868e-05
-1.945570219765875971e-05
-2.015992763451851373e-05
-2.109865412542034734e-05
-2.203391233962608868e-05
-2.273253589249346509e-05
-2.309478400309529972e-05
-2.321250438324217054e-05
-2.332327171514713381e-05
-2.368336533914517029e-05
-2.442759019889404490e-05
-2.549272915972988521e-05
-2.664818299437488156e-05
-2.761941092634065148e-05
-2.823841581364814135e-05
-2.853911937957895819e-05
-2.874387420618663356e-05
-2.914598861879709625e-05
-2.995046402570437233e-05
-3.115960347198985222e-05
-3.256751367539437690e-05
-3.386912260837938576e-05
-3.482644429960916985e-05
-3.540193565975976282e-05
-3.578472657712911825e-05
-3.629267880557092045e-05
-3.720118091274473752e-05
-3.859117904188766302e-05
-4.030063196047513796e-05
-4.200870320797314949e-05
-4.340961673007138089e-05
-4.438262556792585970e-05
-4.506432563701939830e-05
-4.578098140689156379e-05
-4.687460152543438096e-05
-4.851593368641356338e-05
-5.060716518482681392e-05
-5.283032656860484115e-05
-5.481851411968505277e-05
-5.635870846840743245e-05
-5.751512332169112331e-05
-5.860290168377199215e-05
-6.002266994098433641e-05
-6.204353319176504741e-05
-6.465293616847320396e-05
-6.755814348201186811e-05
-7.034271226533053581e-05
-7.269582774268747009e-05
-7.458982778332165226e-05
-7.630635373365088879e-05
-7.829238597723021389e-05
-8.092091104561812808e-05
-8.428584581444912975e-05
-8.814567098605453704e-05
-9.205133371294860851e-05
-9.559309239934422962e-05
-9.863321622935611874e-05
-1.013952830922807107e-04
-1.043562923382976277e-04
-1.079953579089232274e-04
-1.125338459778477937e-04
-1.178107555041401771e-04
-1.233666960408352905e-04
-1.286964909734374725e-04
-1.335356336505128124e-04
-1.380226806707292677e-04
-1.426433488661793222e-04
-1.479801420959858866e-04
-1.544000975617010806e-04
-1.618520457757907725e-04
-1.698897018098469982e-04
-1.779152967409892093e-04
-1.855155487792360853e-04
-1.927058122119478369e-04
-1.999427158536456117e-04
-2.078893875714329562e-04
-2.170544681073106441e-04
-2.275007103537761270e-04
-2.387871562040928624e-04
-2.501843708768070507e-04
-2.610508432565152091e-04
-2.711637987504900583e-04
-2.808144480761971297e-04
-2.906011383747200802e-04
-3.010192355152977741e-04
-3.120629903722515423e-04
-3.230547895630928317e-04
-3.327958558898002099e-04
-3.399521473928452438e-04
-3.434481031783044916e-04
-3.426194910241957031e-04
-3.369918021889720138e-04
-3.257432667516740551e-04
-3.070760674457316021e-04
-2.777607711430134284e-04
-2.330068751212303760e-04
-1.666008705851886669e-04
-7.105486483691462150e-05
6.256615309047335993e-05
2.453762511284390108e-04
4.919826691075775789e-04
8.221890913471552884e-04
1.262804965413681689e-03
1.849375848584826863e-03
2.627894094164151713e-03
3.656811061773851054e-03
5.009804188480631790e-03
6.779672241656504311e-03
9.083474309580827355e-03
1.206873271446232132e-02
1.592036038994172273e-02
2.086805873961606467e-02
2.719423940740991683e-02
3.524289706012888324e-02
4.543008388530307695e-02
5.825653846314138989e-02
7.432255391892880758e-02
9.434441309188082436e-02
1.191708075661747357e-01
1.497966809280950606e-01
1.873708787028159628e-01
2.331927791361794178e-01
2.886917570477542938e-01
3.553822301519694027e-01
4.347868762317722013e-01
5.283223830670674692e-01
6.371466954335855970e-01
7.619744272638743210e-01
9.028770929410535606e-01
1.059095002655107809e+00
1.228895045012868170e+00
1.409509994106616038e+00
1.597188233268665547e+00
1.787367648896860839e+00
1.974966148966087021e+00
2.154758241119039130e+00
2.321787952097932983e+00
2.471758247915779361e+00
2.601339172099683239e+00
2.708351225150700259e+00
2.791803893660112390e+00
2.851796141238603699e+00
2.889309721943196241e+00
2.905941986368349550e+00
2.903629468443857942e+00
2.884407084468795457e+00
2.850233116498177122e+00
2.802891823843907115e+00
2.743968278026336360e+00
2.674877503563734660e+00
2.596924011281489530e+00
2.511368146077054497e+00
2.419480678789847072e+00
2.322574429822226172e+00
2.222009227387506503e+00
2.119172638159628086e+00
2.015442944114293589e+00
1.912142737557885219e+00
1.810491620532860280e+00
1.711565300878756135e+00
1.616266319876313862e+00
1.525309113600381350e+00
1.439219476581685253e+00
1.358346156263978699e+00
1.282880644641429368e+00
1.212880536243985397e+00
1.148292178154566523e+00
1.088969586290578606e+00
1.034688362698671371e+00
9.851551337525229490e-01
9.400143902797358786e-01
8.988552607453318410e-01
8.612206189422951796e-01
8.266201484183643977e-01
7.945478139518087346e-01
7.645029228380446629e-01
7.360128655134602349e-01
7.086549132713604315e-01
6.820742523511491573e-01
6.559957982614519345e-01
6.302282177795925922e-01
6.046598391157754770e-01
5.792475041584138618e-01
5.540006023375985134e-01
5.289632324735760172e-01
5.041974846335816052e-01
4.797702148059556637e-01
4.557445901517598874e-01
4.321764374065441006e-01
4.091143844350941250e-01
3.866022039472544192e-01
3.646817314074051741e-01
3.433951311310555199e-01
3.227858952732894915e-01
3.028985296809695860e-01
2.837772376852581435e-01
2.654640178826446761e-01
2.479965214442534649e-01
2.314058971181329472e-01
2.157147907363951012e-01
2.009356872994870480e-01
1.870698369615711731e-01
1.741070072600897911e-01
1.620261948603877733e-01
1.507972208301852357e-01
1.403829017754740505e-01
1.307413404031982640e-01
1.218278887063245913e-01
1.135965079936867572e-01
1.060005085006535674e-01
9.899288257181378115e-02
9.252655096648694510e-02
8.655478749564314567e-02
8.103191692127648116e-02
7.591419069652131923e-02
7.116063101491215681e-02
6.673364371364094716e-02
6.259931354497905165e-02
5.872743738366401761e-02
5.509143936510624978e-02
5.166830103999521528e-02
4.843854400367753055e-02
4.538618603060939893e-02
4.249852959386497125e-02
3.976567657128937672e-02
3.717978083591597788e-02
3.473418785386350738e-02
3.242268973509316449e-02
3.023909675654445905e-02
2.817719998433442646e-02
2.623103521800485005e-02
2.439523811220736804e-02
2.266526367463739602e-02
2.103733629684317527e-02
1.950814856912259226e-02
1.807445878182942570e-02
1.673278179006954317e-02
1.547930704400552263e-02
1.431004850161456121e-02
1.322110603109232646e-02
1.220886427698024412e-02
1.126999964774332529e-02
1.040128191070815999e-02
9.599278622411777651e-03
8.860131088409082395e-03
8.179537029457933234e-03
7.552966569266681036e-03
6.976014112425575793e-03
6.444716534007184465e-03
5.955686523219763488e-03
5.506008337952263132e-03
5.092968127576760588e-03
4.713775284378546662e-03
4.365430590207371696e-03
4.044813064435821663e-03
3.748936793085760714e-03
3.475236997422154889e-03
3.221730102692898362e-03
2.986962024367775716e-03
2.769773456584855974e-03
2.569008129009435308e-03
2.383317671029385517e-03
2.211161065042106799e-03
2.050989039416742897e-03
1.901503102402861932e-03
1.761839596664486769e-03
1.631571621808510994e-03
1.510521913092886153e-03
1.398482832581462044e-03
1.294989713539826696e-03
1.199264373008434919e-03
1.110353397728309393e-03
1.027381251347441729e-03
9.497778756774743905e-04
8.773563155983313570e-04
8.101985538032275983e-04
7.484118578259354353e-04
6.918871449070845663e-04
6.401882852778268372e-04
5.926291690447048907e-04
5.484934934900380539e-04
5.072759071662694694e-04
4.688132542391317535e-04
4.332357499062804867e-04
4.007661773971625974e-04
3.714771450648569309e-04
3.451380074507805944e-04
3.212332594969306496e-04
2.991407314011151138e-04
2.783717026268938636e-04
2.587426004667673024e-04
2.403862125469746617e-04
2.235979227462118178e-04
2.086015730015559162e-04
1.953620395519213397e-04
1.835450355714280377e-04
1.726440777869084071e-04
1.622040466160702644e-04
1.520193032773641689e-04
1.421992984579037889e-04
1.330672581727775680e-04
1.249480473381466646e-04
1.179606258162282548e-04
1.119268980113618850e-04
1.064447867125068250e-04
1.010841781385478139e-04
9.559840715459118549e-05
9.003659637366154440e-05
8.469684284078927105e-05
7.994683247390691686e-05
7.600987664521231086e-05
7.283216679507897938e-05
7.010211144326519348e-05
6.740980881388192235e-05
6.445910539479754496e-05
6.121707754371010749e-05
5.792063441808047576e-05
5.493787833919511058e-05
5.256037732657945107e-05
5.083917407241654812e-05
4.955273332292980108e-05
4.832295960716123884e-05
4.681525805704059859e-05
4.491374785507549648e-05
4.277710787923562195e-05
4.074586209421786169e-05
3.915245916833285267e-05
3.813760925803318173e-05
3.757209142842714479e-05
3.712540858525678188e-05
3.644294852706334541e-05
3.533497520752795567e-05
3.387517377675295326e-05
3.235619934262412675e-05
3.112740417862661806e-05
3.040340468865292286e-05
3.014719955594861013e-05
3.009041996104515852e-05
2.987866320411685565e-05
2.926233793412940878e-05
2.822947358015815542e-05
2.700913413789640644e-05
2.594458729484670051e-05
2.530580006934055740e-05
2.514309669575066967e-05
2.526077782923330970e-05
2.532404130581562363e-05
2.504037436721320823e-05
2.431677066959564041e-05
2.330794128534728670e-05
2.233026292373792808e-05
2.168898857446355450e-05
2.151278979617814112e-05
2.168503927534075814e-05
2.190827632303643061e-05
2.186601894851793616e-05
2.139371270001040723e-05
2.056630845012524979e-05
1.965571200147911098e-05
1.898204908778484759e-05
1.873993437443287566e-05
1.889386857795697814e-05
1.919883720850640052e-05
1.933408488760158484e-05
1.907692468625302168e-05
1.842230758415458540e-05
1.758386844519261793e-05
1.687670687699971962e-05
1.654611371712985646e-05
1.663524068880173340e-05
1.696300992517310680e-05
1.722345449904779695e-05
1.715193601888578815e-05
1.666789048138529982e-05
1.591706037651329506e-05
1.519105022302735374e-05
1.476853642886335161e-05
1.476453510717190388e-05
1.506919585977242203e-05
1.540862926376085508e-05
1.549406115775792258e-05
1.517806011376926097e-05
1.453329457005149350e-05
1.381173024262092306e-05
