6.500142377605435980e-06
6.887671084586776001e-06
7.243458029452341305e-06
7.445678199730603964e-06
7.455905989597336601e-06
7.341962496962498442e-06
7.242957094929477570e-06
7.294510734000951613e-06
7.554361070877170022e-06
7.969165059203294114e-06
8.401552320641614751e-06
8.703822677301159590e-06
8.798817559925797903e-06
8.723754428759030125e-06
8.612227487051462091e-06
8.622989199212444079e-06
8.853492877548805687e-06
9.285306416178329490e-06
9.791982315725054193e-06
1.020633327706133738e-05
1.041141877552329610e-05
1.040582145133616997e-05
1.030689443760064926e-05
1.028894748680452668e-05
1.048896130500643110e-05
1.093088540303768991e-05
1.151041132231131101e-05
1.204978960474270411e-05
1.239403735582009256e-05
1.249660766742842068e-05
1.244732845396105376e-05
1.242613147653020171e-05
1.260645978908059440e-05
1.306031836479539807e-05
1.371707366717025342e-05
1.439967595922218193e-05
1.491999330246654144e-05
1.518216228699729307e-05
1.523744123729260540e-05
1.525951702338385394e-05
1.545221947153129470e-05
1.593890545369623500e-05
1.669381378928134802e-05
1.755388234537757805e-05
1.830616329429581376e-05
1.880441673196011918e-05
1.905153237275042095e-05
1.920190176739575589e-05
1.948084601972671707e-05
2.006363514179770763e-05
2.097964889103424836e-05
2.209475496557407467e-05
2.318314836189247499e-05
2.405105830597105451e-05
2.464552939640449644e-05
2.508832937670924424e-05
2.561489659755069551e-05
2.644991823905048020e-05
2.768652123907717447e-05
2.923542440868674645e-05
3.087336475734244086e-05
3.236625254118973721e-05
3.360102785728405798e-05
3.465408758973210893e-05
3.575748756074128177e-05
3.717941424472382073e-05
3.908278259960150657e-05
4.143911346934203005e-05
4.404609172984836528e-05
4.664132175018623677e-05
4.905188133436672867e-05
5.129841403412813139e-05
5.359578824722218484e-05
5.624791600090282639e-05
5.949234508220273423e-05
6.337893909111711355e-05
6.774999744719994034e-05
7.233491087607748843e-05
7.690989599210110205e-05
8.143664993973236132e-05
8.610357987002047544e-05
9.124516716690404231e-05
9.718141494625722181e-05
1.040640742459296474e-04
1.118144482105801250e-04
1.201891038044307331e-04
1.289404007556411785e-04
1.379860308702437154e-04
1.474950241711278371e-04
1.578415838652123446e-04
1.694496330551510351e-04
1.826114277554087887e-04
1.973795949538239408e-04
2.135937658472381517e-04
2.310303983218767458e-04
2.495965148828209359e-04
2.694622666257736948e-04
2.910585350492387105e-04
3.149382445840974540e-04
3.415747947152171699e-04
3.712070656891459887e-04
4.038171966502043667e-04
4.392562758827170183e-04
4.774522052380540454e-04
5.185875038696603377e-04
5.631489852706615760e-04
6.118196259075293561e-04
6.652691791557110079e-04
7.239572006414699175e-04
7.880581114994275388e-04
8.575535689811962991e-04
9.324467156252058729e-04
1.012985048943146511e-03
1.099771466505416583e-03
1.193701840367298022e-03
1.295761509688285159e-03
1.406791569658434691e-03
1.527355383925355905e-03
1.657784329456283906e-03
1.798386039727877146e-03
1.949709894713782003e-03
2.112731925809763992e-03
2.288863717459444207e-03
2.479785561554450918e-03
2.687201552764854895e-03
2.912659865367521732e-03
3.157548805360323174e-03
3.423284510345032255e-03
3.711600087913333960e-03
4.024786774695676347e-03
4.365759245377103491e-03
4.737909768748239762e-03
5.144830382895902027e-03
5.590056156422598330e-03
6.076974077219496166e-03
6.608953521024566249e-03
7.189632022599295319e-03
7.823200360448569202e-03
8.514523873139556720e-03
9.269018613241945467e-03
1.009232916333347059e-02
1.098996100305597856e-02
1.196704612715315634e-02
1.302835075706197838e-02
1.417850515705848004e-02
1.542231756298181183e-02
1.676499227984421664e-02
1.821213063522942460e-02
1.976952193066932109e-02
2.144285931641538856e-02
2.323757036326784542e-02
2.515890009816285078e-02
2.721225002887429911e-02
2.940363191201889742e-02
3.174002069738983411e-02
3.422943323062080379e-02
3.688070235158363852e-02
3.970308891990659977e-02
4.270598688767235362e-02
4.589896739357239575e-02
4.929227774856306116e-02
5.289772380493180937e-02
5.672971302959653461e-02
6.080619437619678991e-02
6.514931449543769071e-02
6.978576622346951974e-02
7.474694536560233527e-02
8.006907843245276990e-02
8.579341549866387195e-02
9.196644496926516255e-02
9.863996891432112724e-02
1.058708580514594599e-01
1.137204072758827428e-01
1.222533852699084767e-01
1.315370158071189899e-01
1.416401502856877437e-01
1.526327580672413031e-01
1.645856262680478466e-01
1.775699408619389741e-01
1.916563391542084049e-01
2.069131428824544372e-01
2.234037672009429876e-01
2.411836345135953130e-01
2.602971568235800115e-01
2.807753846462501812e-01
3.026347486936025732e-01
3.258770318169675329e-01
3.504904368283063842e-01
3.764514651085365537e-01
4.037273106372787357e-01
4.322785335992613831e-01
4.620617970267891228e-01
4.930323586025144311e-01
5.251458386186979022e-01
5.583586709090451183e-01
5.926267655838260984e-01
6.279023875130294030e-01
6.641300439342441297e-01
7.012430551855212135e-01
7.391631081824479033e-01
7.778051266882356485e-01
8.170890588771593244e-01
8.569587618026146547e-01
8.974063913567034145e-01
9.384990749302174473e-01
9.804036289331538034e-01
1.023404988381440228e+00
1.067914879857829957e+00
1.114468871550365670e+00
1.163711882244882423e+00
1.216374086025383328e+00
1.273240536240225707e+00
1.335118504934161621e+00
1.402806391727881685e+00
1.477067134779104896e+00
1.558607518280064719e+00
1.648062901594265384e+00
1.745985091255114696e+00
1.852829797518701360e+00
1.968939782638074121e+00
2.094520664855919811e+00
2.229608339820814411e+00
2.374029725362641230e+00
2.527361357547784682e+00
2.688892500801323138e+00
2.857600247740361255e+00
3.032143254905164564e+00
3.210878352931086699e+00
3.391900670341692958e+00
3.573103684488480702e+00
3.752251372506014260e+00
3.927050991345604647e+00
4.095212633785817680e+00
4.254481377679422138e+00
4.402630449823236702e+00
4.537410085639717927e+00
4.656456784218507394e+00
4.757180404577688648e+00
4.836659562024369308e+00
4.891585368451103477e+00
4.918295614584411446e+00
4.912932835610540394e+00
4.871739515664149422e+00
4.791474501590100132e+00
4.669902416661666500e+00
4.506280601911150541e+00
4.301754022326496951e+00
4.059573317591199881e+00
3.785075847834229457e+00
3.485409895291173843e+00
3.169029290024172330e+00
2.845028555001480441e+00
2.522417015506046134e+00
2.209437778181416512e+00
1.913023178905538524e+00
1.638446922163169450e+00
1.389193323166299621e+00
1.167025690840133523e+00
9.722072297026745913e-01
8.038135112811721772e-01
6.600758297445102896e-01
5.387062093186029132e-01
4.371720847181538305e-01
3.529063048873739006e-01
2.834521848599662053e-01
2.265521100805121535e-01
1.801919419893379393e-01
1.426136560681771082e-01
1.123070080652862207e-01
8.798888571601691522e-02
6.857698772075011828e-02
5.316265875585825945e-02
4.098597494301088606e-02
3.141449271003061289e-02
2.392562421353835664e-02
1.809166716999967284e-02
1.356628213318552406e-02
1.007161296090792156e-02
7.385969897146672097e-03
5.332615017547813648e-03
3.770383831881105215e-03
2.586576604098492303e-03
1.691960226669019874e-03
1.017181224816171136e-03
5.096967783981930364e-04
1.305721053194577137e-04
-1.489831483216842191e-04
-3.509568954173195336e-04
-4.931502544431864976e-04
-5.906310855541133716e-04
-6.560351396638071202e-04
-6.991867970908253885e-04
-7.267326430629372173e-04
-7.423451961354954809e-04
-7.476432755956236714e-04
-7.435181276990645172e-04
-7.312959353776746999e-04
-7.132371381736320702e-04
-6.922191436287285877e-04
-6.708728985154496349e-04
-6.507123928162507863e-04
-6.317687123095156246e-04
-6.129406554294576388e-04
-5.928721527987001636e-04
-5.708822794447732975e-04
-5.474557379310046818e-04
-5.240511979180334035e-04
-5.023586428169869809e-04
-4.834292835202561641e-04
-4.671571823953043720e-04
-4.523873099587019382e-04
-4.375779652544722464e-04
-4.216473195128576153e-04
-4.045437120139232364e-04
-3.872401563543704356e-04
-3.711718465163209085e-04
-3.574354772381070741e-04
-3.461896043824738657e-04
-3.365757173525094070e-04
-3.271906547724154758e-04
-3.168424907832735182e-04
-3.051752175371099393e-04
-2.928279544668696967e-04
-2.810533016137899544e-04
-2.710130814775865205e-04
-2.631389688255853497e-04
-2.569019452699565194e-04
-2.511063676957606301e-04
-2.445387773593207218e-04
-2.366136719432658595e-04
-2.276675424426055909e-04
-2.187494883991238396e-04
-2.110315242886837627e-04
-2.051644989129271419e-04
-2.009284641299365081e-04
-1.973605910792572838e-04
-1.932824436224871037e-04
-1.879343504865968375e-04
-1.813723059420601085e-04
-1.744174103035771729e-04
-1.681932436875825036e-04
-1.635083502984567257e-04
-1.604200090789307349e-04
-1.582116560569464330e-04
-1.557889687371322802e-04
-1.522735428184114463e-04
-1.474702146036028963e-04
-1.419577748175888151e-04
-1.367603119591396848e-04
-1.327835221760382005e-04
-1.303241858243468169e-04
-1.289165203675178984e-04
-1.275930282660744952e-04
-1.254124558570513101e-04
-1.219655850455990046e-04
-1.175860395515437032e-04
-1.131567419711951219e-04
-1.096226326370733719e-04
-1.074771904563526079e-04
-1.065004536779240994e-04
-1.058863469451159020e-04
-1.046849031158228509e-04
-1.023160155887540434e-04
-9.887622008330899221e-05
-9.507571685152019464e-05
-9.184479858702804559e-05
-8.982682486980930162e-05
-8.903315520998578668e-05
-8.884422870456334942e-05
-8.835155505761495048e-05
-8.685134596242518365e-05
-8.422113848713804970e-05
-8.097749313224855781e-05
-7.798772873701357450e-05
-7.599585542744638684e-05
-7.522116284565357792e-05
-7.524539287603677267e-05
-7.524583516761154320e-05
-7.444412553873112437e-05
-7.252563248650184004e-05
-6.980321603572528814e-05
-6.703997891212615701e-05
-6.503086289811071832e-05
-6.417201268047116982e-05
-6.425071588064755717e-05
-6.456682807175441387e-05
-6.431622374820050822e-05
-6.302606943778888196e-05
-6.080613953249380864e-05
-5.828246923587291072e-05
-5.625277074702478611e-05
-5.525291465027400286e-05
-5.526971430285661203e-05
-5.575360171173616151e-05
-5.592106826495343202e-05
-5.518029578445457717e-05
-5.344864698973515033e-05
-5.119160085093993714e-05
-4.916504642698422674e-05
-4.800332521044008757e-05
-4.787726298726173099e-05
-4.840627197375760581e-05
-4.886940637645895494e-05
-4.859824768865677344e-05
-4.733743677981348688e-05
-4.537832743254064684e-05
-4.339580101901718888e-05
-4.207939508194684147e-05
-4.176014719613448583e-05
-4.223488150828146536e-05
-4.288098238063930230e-05
-4.299680281063261456e-05
-4.218154017478887939e-05
-4.054887256306900474e-05
-3.866046096643962652e-05
-3.721790800488617064e-05
-3.668194842366629332e-05
-3.702539430690076863e-05
-3.775214041472186270e-05
-3.816950445831261284e-05
-3.776436468661638129e-05
-3.647882060334781790e-05
-3.473726929308988519e-05
-3.321249535502093130e-05
-3.245955678707858273e-05
-3.261656197349479896e-05
-3.333350817066227563e-05
-3.396564942662965130e-05
-3.392454626387263959e-05
-3.299564240212551837e-05
-3.145096567423173961e-05
-2.989778090107548115e-05
-2.894727248950862409e-05
-2.888391012875615735e-05
-2.951425078892140779e-05
-3.027541789197484985e-05
-3.054243918975285704e-05
-2.996662330664673167e-05
-2.866176566106884050e-05
-2.713875468307356496e-05
-2.602599122140550830e-05
-2.572852946184337150e-05
-2.621073756403601831e-05
-2.701900155082188274e-05
-2.753027581134694904e-05
-2.729028692056479927e-05
-2.625780614933350879e-05
-2.482364552446709058e-05
-2.359587164888397138e-05
-2.306920410887101859e-05
-2.335826832405420790e-05
-2.413845284055461709e-05
-2.482475687111573333e-05
-2.489009386438770531e-05
-2.414986209054129654e-05
-2.285915077418606347e-05
-2.157142826699112224e-05
-2.083692116215816713e-05
-2.090499382027073607e-05
-2.159144817041703466e-05
-2.238128605542247403e-05
-2.270962497071551156e-05
-2.226754012411510342e-05
-2.116724927832556367e-05
-1.987832944714952810e-05
-1.897111831259426463e-05
-1.880746397915037950e-05
-1.934645101743333174e-05
-2.016934983784672336e-05
-2.070873573917908963e-05
-2.055641456694202847e-05
-1.968305997357962806e-05
-1.845139302540163556e-05
-1.741722103767048317e-05
-1.702742314801415765e-05
-1.737894471976222618e-05
-1.816872915809604369e-05
-1.886035223025430091e-05
-1.897574497120005482e-05
-1.835336558665798430e-05
-1.723340966447554923e-05
-1.612514299981932460e-05
-1.552958613418729448e-05
-1.566852020543084534e-05
-1.636634991445421879e-05
-1.714770225328761234e-05
-1.749653459857288866e-05
-1.713552957622714736e-05
-1.617451685458942592e-05
-1.504850139996135073e-05
-1.428019920848505233e-05
-1.419667512524329352e-05
-1.475365712276672743e-05
-1.556186024610186337e-05
-1.609977457982807275e-05
-1.599661273193157953e-05
-1.523191150457491009e-05
-1.414435023161769797e-05
-1.324623281865920821e-05
-1.294522316916022204e-05
