7.751037983282411670e-01
6.411867665378059300e-01
5.867179645740223659e-01
2.071357905241262842e-01
1.608285854130501735e-01
3.879096950738614158e-01
1.208720610590001687e-01
1.160454722420728446e-01
3.040847031116867272e-01
1.585069547880362806e-01
2.071844031735984859e-01
5.999624591101671012e-02
8.760491228326555690e-02
9.712223682968579297e-02
9.162495124381270228e-02
1.484293377812575532e-01
2.959629348219755540e-01
1.630825863355477301e-01
1.145666930851044762e-01
1.781750259360395106e-01
8.799197686755255710e-02
9.432468523420722839e-02
9.251246084704672912e-02
3.580829237674234555e-01
2.645084191474776913e-01
2.565702833098536528e-01
