-7.816131459404915090e-06
-6.294614124884554641e-06
-3.414637388475396378e-06
-6.680210422981347031e-08
2.692362044514776868e-06
3.969954292084659992e-06
3.321447776236085194e-06
8.999504928536466267e-07
-2.579836269204172226e-06
-6.055387333057422244e-06
-8.444099541998037849e-06
-8.984037865674584142e-06
-7.480553171303220498e-06
-4.379134622870496338e-06
-6.380115524969056832e-07
2.563402874942380840e-06
4.191665514969989182e-06
3.687877709636703457e-06
1.153356117355450596e-06
-2.668992718364882986e-06
-6.615840837066375248e-06
-9.461532441438833590e-06
-1.030301504961022554e-05
-8.850851254912422015e-06
-5.532726058648697495e-06
-1.373073798471269292e-06
2.317732316903286708e-06
4.350506440373442176e-06
4.034337026625823428e-06
1.404217786175842530e-06
-2.775487498686480932e-06
-7.237315215024951014e-06
-1.059999979311989046e-05
-1.180139265077204895e-05
-1.043946980660649138e-05
-6.912153413613673634e-06
-2.307884401710776283e-06
1.923541497054858044e-06
4.420540942379561326e-06
4.340466563089610297e-06
1.635405402305330127e-06
-2.916925507959851239e-06
-7.941793847289237344e-06
-1.188871229079073712e-05
-1.351645361952714131e-05
-1.229027874871720765e-05
-8.564479084807899870e-06
-3.488448885847506556e-06
1.339621228648597885e-06
4.367344292225285183e-06
4.578151763880286712e-06
1.822244883259753422e-06
-3.118957601996616376e-06
-8.760491118721016034e-06
-1.336772692353386652e-05
-1.549796978948375501e-05
-1.446087895951445935e-05
-1.055102485109206815e-05
-4.974757229734906073e-06
5.116816926945916700e-07
4.144549257941995654e-06
4.708211787219499021e-06
1.929170156151074936e-06
-3.418890763104100401e-06
-9.737925259509136908e-06
-1.509259304634744667e-05
-1.781340218877706071e-05
-1.702820905573184938e-05
-1.295315186330320932e-05
-6.846492435384855551e-06
-6.331111326861117878e-07
3.688665899959252539e-06
4.675382212234575198e-06
1.904616598563860739e-06
-3.871195798959402555e-06
-1.093810278196665620e-05
-1.714136306953094278e-05
-2.055570778066287722e-05
-2.009694071091094444e-05
-1.588092105606464979e-05
-9.211620111761089418e-06
-2.194420329731233863e-06
2.911145058888542364e-06
4.400548883688000843e-06
1.673065274947259121e-06
-4.556092622005619228e-06
-1.245411830082623893e-05
-1.962541179019042990e-05
-2.385532963161541404e-05
-2.381234312478328440e-05
-1.948637600076395392e-05
-1.221962188784617930e-05
-4.311603947303091642e-06
1.685924889832567105e-06
3.768437003553907741e-06
1.122349202677955435e-06
-5.593260113211793738e-06
-1.442342874701503064e-05
-2.270656045410151977e-05
-2.789909133293913142e-05
-2.838051558060812368e-05
-2.398445947755876978e-05
-1.608243443747036909e-05
-7.184240390187790540e-06
-1.706457317133616804e-07
2.607561912489009205e-06
8.284475463432578805e-08
-7.164337683458596940e-06
-1.705284592195390611e-05
-2.662496570309682247e-05
-3.296085078698679656e-05
-3.410116249810734093e-05
-2.968695290054901832e-05
-2.110860255209819457e-05
-1.110589379065999660e-05
-2.933187358597670915e-06
6.565536656432276548e-07
-1.707712856064422382e-06
-9.551033779397724683e-06
-2.066076140186257144e-05
-3.174605027900354628e-05
-3.945291624559369304e-05
-4.142251450145763688e-05
-3.705947328879791554e-05
-2.776096351373458587e-05
-1.652165676252858434e-05
-7.024798843463875261e-06
-2.494460289933426338e-06
-4.665894883763113844e-06
-1.320205490180627285e-05
-2.575117766713825909e-05
-3.864251950698005777e-05
-4.801567498679932357e-05
-5.103704044986983923e-05
-4.682108847548367817e-05
-3.675810815161045249e-05
-2.413033079178694487e-05
-1.312033471974046501e-05
-7.510236495062409004e-06
-9.475295726941258267e-06
-1.885576683738254871e-05
-3.314925920520744569e-05
-4.824418062765503917e-05
-5.968104689885250444e-05
-6.405609574849840189e-05
-6.012676683469840133e-05
-4.926155614182284201e-05
-3.507487058081693260e-05
-2.234117698881896104e-05
-1.551323543558366571e-05
-1.730306106376173025e-05
-2.777659739174475172e-05
-4.426255755248657863e-05
-6.212626088672999237e-05
-7.618682370668053319e-05
-8.234630575507932324e-05
-7.892043178435600125e-05
-6.724089291125026906e-05
-5.131798072262752175e-05
-3.664407570762029116e-05
-2.849302771431472286e-05
-3.024035622452203635e-05
-4.223768971508708148e-05
-6.161461036222819036e-05
-8.309790475787416468e-05
-1.006182098162846039e-04
-1.092174508247994698e-04
-1.066604679217901129e-04
-9.423007776860981369e-05
-7.642812252169859126e-05
-5.964383397584098668e-05
-5.018064954084680595e-05
-5.224861621922070236e-05
-6.655963438019083173e-05
-8.999156822376421048e-05
-1.164625422244269494e-04
-1.387766058849861854e-04
-1.508852069517671276e-04
-1.498582028980022468e-04
-1.369268581124648168e-04
-1.172350056961182714e-04
-9.833334556432312334e-05
-8.785331366175147994e-05
-9.107359511559113847e-05
-1.091518179553724056e-04
-1.386095863051129535e-04
-1.722806215391066106e-04
-2.014726667550133276e-04
-2.186971011741832181e-04
-2.201145458705720381e-04
-2.069028800212892576e-04
-1.850676655528273637e-04
-1.636940313219149054e-04
-1.521374122433988383e-04
-1.570100015781428519e-04
-1.799200005123998542e-04
-2.167190255144964229e-04
-2.585611055038824113e-04
-2.945082872480258955e-04
-3.149096052883302980e-04
-3.144972296575835940e-04
-2.941865473005558871e-04
-2.609367608599300428e-04
-2.256218456376288641e-04
-1.994986006169772888e-04
-1.903366741190055326e-04
-1.994333647063812514e-04
-2.205067174508723723e-04
-2.408976218186868539e-04
-2.447785974378709510e-04
-2.173901893953383380e-04
-1.489258426238697147e-04
-3.670626504372423595e-05
1.152592043588754187e-04
2.994574725265316184e-04
5.100860903824575758e-04
7.489220630808670915e-04
1.030230754428028981e-03
1.383387271251426730e-03
1.852638927366400453e-03
2.494450792247597005e-03
3.373836457887305611e-03
4.561667746664897598e-03
6.134961720946151276e-03
8.181517465961785779e-03
1.080917742630222410e-02
1.415874357570440049e-02
1.841858520017296275e-02
2.383857711770099447e-02
3.074137462100915916e-02
3.953008219368452786e-02
5.069276917078131828e-02
6.480551244425473978e-02
8.253616004499669812e-02
1.046504140012687739e-01
1.320200352967234592e-01
1.656302780165739841e-01
2.065807348471832838e-01
2.560715300617697476e-01
3.153661504627170431e-01
3.857238329990772541e-01
4.682985248376134169e-01
5.640075805687971844e-01
6.733805442905308469e-01
7.964051313229595364e-01
9.323922901034478183e-01
1.079883632571968510e+00
1.236621786237656506e+00
1.399597367733080855e+00
1.565176206046872576e+00
1.729298796987505771e+00
1.887732825330821873e+00
2.036351034627436274e+00
2.171402412743780541e+00
2.289745459512280590e+00
2.389018093939603737e+00
2.467728461344127933e+00
2.525262699425986135e+00
2.561817449819589143e+00
2.578274493122985067e+00
2.576040794875724682e+00
2.556878740520828419e+00
2.522748582879002832e+00
2.475679110195502020e+00
2.417674791092243591e+00
2.350659862325326532e+00
2.276453490911380495e+00
2.196766259050223269e+00
2.113207127607668934e+00
2.027291423918560209e+00
1.940443473674740016e+00
1.853991217267108471e+00
1.769153519316323697e+00
1.687023168220199265e+00
1.608549447908055985e+00
1.534523744481295804e+00
1.465570349370237890e+00
1.402143020232210935e+00
1.344526516338334199e+00
1.292841612389528105e+00
1.247052127966866708e+00
1.206973145643249978e+00
1.172280505643956472e+00
1.142522477175544005e+00
1.117134902154580667e+00
1.095460932333669923e+00
1.076775777547269497e+00
1.060315861122363534e+00
1.045310740893482304e+00
1.031015397670723255e+00
1.016740220283535612e+00
1.001876282837526277e+00
9.859142185233576994e-01
9.684559368236683730e-01
9.492193585665998912e-01
9.280370438020988377e-01
9.048499439734096761e-01
8.796975243658953225e-01
8.527052806120758444e-01
8.240703753274045695e-01
7.940459035700957457e-01
7.629242547218754167e-01
7.310201795622400800e-01
6.986544137476445870e-01
6.661389182305287315e-01
6.337648374934048423e-01
6.017940626060911402e-01
5.704548181932199702e-01
5.399410616807165386e-01
5.104148467726348226e-01
4.820103358322552212e-01
4.548379848365414202e-01
4.289876243158618485e-01
4.045296720215150188e-01
3.815143987695179817e-01
3.599698375222084579e-01
3.398993914327430588e-01
3.212803328603389130e-01
3.040641622762910168e-01
2.881792879856583944e-01
2.735358503469062508e-01
2.600319373030284265e-01
2.475600884172326765e-01
2.360129573957910065e-01
2.252872951388359690e-01
2.152859286676190032e-01
2.059179847967684829e-01
1.970980672217750584e-01
1.887453078117429517e-01
1.807831228675605140e-01
1.731401524354254651e-01
1.657523645046679872e-01
1.585658263041059557e-01
1.515393332883993305e-01
1.446460389453816942e-01
1.378734578234413199e-01
1.312216468930759994e-01
1.246998714991806173e-01
1.183224775436908793e-01
1.121048954512278983e-01
1.060606347076809841e-01
1.001998145702572562e-01
9.452931569772718423e-02
8.905417064843883235e-02
8.377947894521470262e-02
7.871203108334075271e-02
7.386097912641488572e-02
6.923724462649395728e-02
6.485179276905050916e-02
6.071328665897847421e-02
5.682584885904663069e-02
5.318763571980941046e-02
4.979068480730266394e-02
4.662210716182180192e-02
4.366628763070062869e-02
4.090745567755902506e-02
3.833188801968340914e-02
3.592913193270024647e-02
3.369195153373747559e-02
3.161509921692869096e-02
2.969337571876614484e-02
2.791965378059149336e-02
2.628353873170819963e-02
2.477112807545989170e-02
2.336597969194969399e-02
2.205101573592545619e-02
2.081079569165950396e-02
1.963347724965723226e-02
1.851188109384096017e-02
1.744335265178643957e-02
1.642848257424364689e-02
1.546909313562302470e-02
1.456611351648698198e-02
1.371798811382198870e-02
1.292008467095077245e-02
1.216525058310440922e-02
1.144530653234111621e-02
1.075297824726057991e-02
1.008363791954788348e-02
9.436294536432453597e-03
8.813513559262192362e-03
8.220284056038732259e-03
7.662179715765229937e-03
7.143377455751357026e-03
6.665137502099689748e-03
6.225201427492155909e-03
5.818277421928381293e-03
5.437445546060665387e-03
5.076034604321495725e-03
4.729382962748074695e-03
4.395939637416792709e-03
4.077373593325877600e-03
3.777671012121021441e-03
3.501514639937803545e-03
3.252458853441974381e-03
3.031471868027310612e-03
2.836296467365946160e-03
2.661821916644776555e-03
2.501344012131851043e-03
2.348315964517583114e-03
2.198044560729060532e-03
2.048808412059303832e-03
1.902059360000533071e-03
1.761655491834329982e-03
1.632374595723933095e-03
1.518177044553012433e-03
1.420759636609069017e-03
1.338845867204295319e-03
1.268424941858779320e-03
1.203855224345534540e-03
1.139480324924767654e-03
1.071250310518497137e-03
9.978437381266409660e-04
9.209458260402618533e-04
8.446030817269832309e-04
7.738619205120903085e-04
7.131189669708518043e-04
6.646962005497544226e-04
6.280796519806389937e-04
6.000505580564931361e-04
5.756590506665621582e-04
5.497296899231194972e-04
5.184261440289340698e-04
4.803884023664696740e-04
4.370930476660052550e-04
3.923314073223482627e-04
3.509751216319870952e-04
3.174183306496814383e-04
2.941826493672028962e-04
2.811163805613978075e-04
2.754313120293137634e-04
2.725584727363049645e-04
2.675502857429606224e-04
2.565893588117057087e-04
2.381348195299826207e-04
2.133535554336952415e-04
1.857085976865664766e-04
1.598395104259970950e-04
1.400882241380849819e-04
1.291308359556909329e-04
1.271391955263108441e-04
1.317281785794585224e-04
1.386985999686463035e-04
1.433386851008303846e-04
1.418755632709206484e-04
1.326249586335734787e-04
1.164845353485092344e-04
9.662289063537364943e-05
7.746702172040190746e-05
6.330803075301203234e-05
5.696082155939372733e-05
5.889338025688529223e-05
6.709223836676706703e-05
7.770013239940258998e-05
8.622189080351161643e-05
8.891975031171706100e-05
8.396339009184427963e-05
7.197942098572766574e-05
5.583419221531879702e-05
3.972305008977064809e-05
2.785395853371422313e-05
2.313718822388235115e-05
2.628785106288883747e-05
3.561688420291336701e-05
4.757032165343977076e-05
5.784393004449398239e-05
6.272290625159599733e-05
6.022899766983251014e-05
5.072021637614994375e-05
3.676083799783843231e-05
2.230725936728905460e-05
1.146739447775304519e-05
7.221880627532831553e-06
1.050448151833621030e-05
1.992474064672860700e-05
3.221452191109372252e-05
4.325471906993365209e-05
4.935925526606707944e-05
4.841583231846887633e-05
4.053013629189811638e-05
2.797682967708904977e-05
1.447727956977481679e-05
4.032915713146855711e-06
-3.204424685014772094e-07
2.550121110235594668e-06
1.153473608410481852e-05
2.363982895612583418e-05
3.492997529190117824e-05
4.175610799923247307e-05
4.188670314056547149e-05
3.519123432776770914e-05
2.366655489657347729e-05
1.080231716652111215e-05
4.868489599283440646e-07
-4.203677643451313116e-06
-1.955930348039175866e-06
6.383660125443113910e-06
1.808545927885855999e-05
2.939643836683980430e-05
3.671242163551606248e-05
