1.727777501193455609e-05
1.393166549767403880e-05
8.630962339798785001e-06
3.067670802610830654e-06
-9.464328425548620325e-07
-2.048101563928132310e-06
2.388308269021734227e-07
5.335506257022897132e-06
1.176914685714948156e-05
1.761912993888680408e-05
2.111324935623110747e-05
2.118931409954998880e-05
1.784441558940140754e-05
1.215751588077928648e-05
5.971646158914064243e-06
1.328992847953099573e-06
-1.681035958539525390e-07
2.129614325989044468e-06
7.695087321686804261e-06
1.496786575488836853e-05
2.182550787467515139e-05
2.624151145400171404e-05
2.692622908097841902e-05
2.374851075651429911e-05
1.780086397533257688e-05
1.108049694044398710e-05
5.879076611968769510e-06
4.067650310831464896e-06
6.499917331595213114e-06
1.272418990576383757e-05
2.110091750316909015e-05
2.929680823265737785e-05
3.500736950709339900e-05
3.668479530225467227e-05
3.404202198472846744e-05
2.816974451016116384e-05
2.122187416087480241e-05
1.575998144188536521e-05
1.395648021374827422e-05
1.690475757851914943e-05
2.425567602663540492e-05
3.430140941128695219e-05
4.448906227282762167e-05
5.221080254317014726e-05
5.562711608889537446e-05
5.426455511113338479e-05
4.919527842131792125e-05
4.273360675137579198e-05
3.773567086012209640e-05
3.671495170578481206e-05
4.104871042228144492e-05
5.052711682322618829e-05
6.339392614769036630e-05
7.687567731575148410e-05
8.804246044114363585e-05
9.473576600407029370e-05
9.627256843618942441e-05
9.369951995272524233e-05
8.950835315719750721e-05
8.689152971031260616e-05
8.876354324183322150e-05
9.685156140708611424e-05
1.111432719804407763e-04
1.298729974884884068e-04
1.500611928416965759e-04
1.684484311535471880e-04
1.825375575281192703e-04
1.914179076428848829e-04
1.961076218203781181e-04
1.992965984518921924e-04
2.045590631849513483e-04
2.152731642192025915e-04
2.335820336530959357e-04
2.597243941361871973e-04
2.919529736043681325e-04
3.270782323875857521e-04
3.614787135991024271e-04
3.922691814675834132e-04
4.182618294404145845e-04
4.404137209670533240e-04
4.616093367156736587e-04
4.858335774547924472e-04
5.169838077101752668e-04
5.576883911497634893e-04
6.085047153647469859e-04
6.677578786040691073e-04
7.320848422785376395e-04
7.975280624613639196e-04
8.608464399559604069e-04
9.206362693677516956e-04
9.779064610201662275e-04
1.035917001323462087e-03
1.099317852610806005e-03
1.172846684696057622e-03
1.259988152590068916e-03
1.362017830763904156e-03
1.477741385143899492e-03
1.604026792029768309e-03
1.736979336023714319e-03
1.873403151139381223e-03
2.012094982208004028e-03
2.154558809298585172e-03
2.304903437460060003e-03
2.468937223733981903e-03
2.652727052948218416e-03
2.861062823346646657e-03
3.096307530622178106e-03
3.358001436073698633e-03
3.643358728223428360e-03
3.948516500464323634e-03
4.270155520194680171e-03
4.606986733495305707e-03
4.960628799687531384e-03
5.335583743555871901e-03
5.738296082942364283e-03
6.175570004000794505e-03
6.652828467125787223e-03
7.172759862362440043e-03
7.734789317699433328e-03
8.335563442363186706e-03
8.970324303803870955e-03
9.634767949627606395e-03
1.032682384894097020e-02
1.104780695941464178e-02
1.180258269100435686e-02
1.259869116889548134e-02
1.344470691214652049e-02
1.434835978493180335e-02
1.531503213071355902e-02
1.634714345009052536e-02
1.744466588948613561e-02
1.860666174797896005e-02
1.983340711067694759e-02
2.112846720088272512e-02
2.250008466381347647e-02
2.396143770520395982e-02
2.552966389933387231e-02
2.722392424142919959e-02
2.906308239555601206e-02
3.106369978964473519e-02
3.323895475684470607e-02
3.559880759422850982e-02
3.815133918245422473e-02
4.090481071547957814e-02
4.386974659475533639e-02
4.706031251824210199e-02
5.049446105151752379e-02
5.419268998453498354e-02
5.817569109512205766e-02
6.246152361936954667e-02
6.706311344820635456e-02
7.198679878095018414e-02
7.723233540170600098e-02
8.279433216588036326e-02
8.866464720084998863e-02
9.483497816550305604e-02
1.012988246097705075e-01
1.080522119151067217e-01
1.150929852456498703e-01
1.224189812403234934e-01
1.300258078659093652e-01
1.379051708112290775e-01
1.460446029186797112e-01
1.544290949526018475e-01
1.630445921876218229e-01
1.718827707915814018e-01
1.809461098628342979e-01
1.902521558320802997e-01
1.998360789529111947e-01
2.097510907358246246e-01
2.200668859557463053e-01
2.308668101371275094e-01
2.422447637313092927e-01
2.543028354700151428e-01
2.671503090197750452e-01
2.809041132029713173e-01
2.956901659337036747e-01
3.116445958521534276e-01
3.289136721433770782e-01
3.476514979275235340e-01
3.680150746125953054e-01
3.901570671526528034e-01
4.142172764758014769e-01
4.403142437517318930e-01
4.685384309824878191e-01
4.989480200483471517e-01
5.315676527740963442e-01
5.663896035314008870e-01
6.033761804695486619e-01
6.424618065656930721e-01
6.835533544715712839e-01
7.265278818223219748e-01
7.712277864990435550e-01
8.174543353771104304e-01
8.649612572785143616e-01
9.134504298972438985e-01
9.625715453749701389e-01
1.011927062137127908e+00
1.061082912075820950e+00
1.109584564843515864e+00
1.156977375073249492e+00
1.202829792503275597e+00
1.246758015785928819e+00
1.288450913545856169e+00
1.327694338008724717e+00
1.364394126569652865e+00
1.398597001462458689e+00
1.430508233697774800e+00
1.460504462457822950e+00
1.489139677592761002e+00
1.517142322769883700e+00
1.545401931862086631e+00
1.574944698088335038e+00
1.606898744126206591e+00
1.642451310608517678e+00
1.682801237746471168e+00
1.729110649714832526e+00
1.782459485975743441e+00
1.843805504520711347e+00
1.913950885480633746e+00
1.993515026378348320e+00
2.082912010792283830e+00
2.182330899068580354e+00
2.291717535789274507e+00
2.410757793885430100e+00
2.538863615116772721e+00
2.675164264630514932e+00
2.818505358722025012e+00
2.967457176172838995e+00
3.120331652934081212e+00
3.275204846051084306e+00
3.429939415569561501e+00
3.582200782306513620e+00
3.729461833369746238e+00
3.868994626207260090e+00
3.997853061475354686e+00
4.112856832415475061e+00
4.210592479148819400e+00
4.287450296411402739e+00
4.339714690766125038e+00
4.363719644854001878e+00
4.356070577159868229e+00
4.313920585811248820e+00
4.235275273535411777e+00
4.119288985392294045e+00
3.966509118911207388e+00
3.779026153138699495e+00
3.560495831651246057e+00
3.316015591898984649e+00
3.051857441754499245e+00
2.775080573978581100e+00
2.493065246640670640e+00
2.213021438935183660e+00
1.941529265275297123e+00
1.684162476764671679e+00
1.445232741436102808e+00
1.227673426570971671e+00
1.033060896446229782e+00
8.617526459189023269e-01
7.131080663587973101e-01
5.857512159541398145e-01
4.778360306670340618e-01
3.872818483071960305e-01
3.119586661329943889e-01
2.498143965426644630e-01
1.989478178170546729e-01
1.576389154953644622e-01
1.243519036378684661e-01
9.772556671414073248e-02
7.656177552447983314e-02
5.981775182406685182e-02
4.660259555515378765e-02
3.617507890501025364e-02
2.793842199220383446e-02
2.142862248073992143e-02
1.629522866416851373e-02
1.227620135841748367e-02
9.170688169071825740e-03
6.814422209651659415e-03
5.061827181245101039e-03
3.777036378733393280e-03
2.833562781450104685e-03
2.120083420138014259e-03
1.548407107100506974e-03
1.059553382929386304e-03
6.249512030073428159e-04
2.416678882980095736e-04
-7.732442679837960410e-05
-3.151959234890214668e-04
-4.622589540740933340e-04
-5.229432651414418938e-04
-5.170711226231018004e-04
-4.755291628617809531e-04
-4.321073497493033459e-04
-4.143389734501796659e-04
-4.363285454935186152e-04
-4.957884412534359613e-04
-5.760935747516182214e-04
-6.525655592691870840e-04
-7.009109157900965436e-04
-7.051437717142004444e-04
-6.625767394585047433e-04
-5.844534344421901994e-04
-4.921902323945440269e-04
-4.105497863445692818e-04
-3.599692196302352451e-04
-3.504507436935987629e-04
-3.788593348442975792e-04
-4.303592886877301380e-04
-4.834192936089241888e-04
-5.167307936703508702e-04
-5.158437293724109796e-04
-4.774767063229543420e-04
-4.102370032028417827e-04
-3.316312599926066369e-04
-2.623967371841764138e-04
-2.199817723706219209e-04
-2.132164180243966052e-04
-2.397911427466074439e-04
-2.872506553295820116e-04
-3.371051257989279479e-04
-3.707079068890702556e-04
-3.750371205237161098e-04
-3.465945994452985569e-04
-2.922613810083734913e-04
-2.269176868476019968e-04
-1.686399902169599652e-04
-1.330176662335525969e-04
-1.283682155040254472e-04
-1.533117011623817596e-04
-1.974028064381102784e-04
-2.445580406118365649e-04
-2.781570404489220574e-04
-2.862033554263378947e-04
-2.649459890647886664e-04
-2.198724958596697833e-04
-1.638198893038509622e-04
-1.128462711633543270e-04
-8.118581799707497203e-05
-7.686704425439843931e-05
-9.933808792231531922e-05
-1.397958200940273678e-04
-1.840657090583143625e-04
-2.170930268113194304e-04
-2.276249119528287921e-04
-2.116299164287995622e-04
-1.734188224947654910e-04
-1.241605641198467323e-04
-7.829873272174578717e-05
-4.901505970619678473e-05
-4.416134638257245205e-05
-6.391190276550904074e-05
-1.008347049372196991e-04
-1.423189882905931901e-04
-1.745684997129962968e-04
-1.868978783158417112e-04
-1.749962813308725414e-04
-1.421636077152110540e-04
-9.816826319682311344e-05
-5.611745330214152857e-05
-2.834038399460629763e-05
-2.257504019356200325e-05
-3.963552251520431098e-05
-7.326060938616868272e-05
-1.121581500791280183e-04
-1.435795264139978571e-04
-1.572942113682970669e-04
-1.487268909175721774e-04
-1.202968036657526684e-04
-8.056955483873021108e-05
-4.151486940639650096e-05
-1.474648306261362279e-05
-7.923637352766060629e-06
-2.242743153030916407e-05
-5.301516151810261695e-05
-8.953340606424020057e-05
-1.201315713867364066e-04
-1.349599848164042409e-04
-1.291997454122625216e-04
-1.044935797125071418e-04
-6.835448285107405503e-05
-3.176108142687391359e-05
-5.708045871787164109e-06
2.205840301030063414e-06
-9.905546311276830094e-06
-3.769906117165337442e-05
-7.202421457719318586e-05
-1.018193634729641650e-04
-1.175664380802456419e-04
-1.142262099775166978e-04
-9.274988588608631956e-05
-5.971480294884898927e-05
-2.521888420908942197e-05
2.931456387105678467e-07
9.275249688937088196e-06
-6.101870263733567159e-07
-2.582432603727849991e-05
-5.811451456619712611e-05
-8.712676144464966176e-05
-1.036417881466269748e-04
-1.024240321226728965e-04
-8.380397404758675294e-05
-5.351647819048427400e-05
-2.086383436518780422e-05
4.208929006688732684e-06
1.420770013427107786e-05
6.390342744467312823e-06
-1.643057364000561409e-05
-4.681706071019240290e-05
-7.506104189483316178e-05
-9.222049439935276426e-05
-9.288749670445793942e-05
-7.683195868233127081e-05
-4.902213476882737690e-05
-1.803153707493848168e-05
6.657619616509667783e-06
1.760693645810663366e-05
1.171161172100529510e-05
-8.876741617095296023e-06
-3.746759720377460434e-05
-6.495113536309673054e-05
-8.264897569294459554e-05
-8.500445837287381112e-05
-7.127901729774008331e-05
-4.573733129027934108e-05
-1.627765632271986596e-05
8.053371252333324569e-06
1.987999414408584358e-05
1.577259112569613601e-05
-2.722412565330553043e-06
-2.960657170117385621e-05
-5.633097069623004514e-05
-7.447292159268209294e-05
-7.835015207107341934e-05
-6.676154166592620349e-05
-4.332160029272386184e-05
-1.529695309838334185e-05
8.681166012506720466e-06
2.130872954987116083e-05
1.886597271561890463e-05
2.342655666073563054e-06
-2.290833766008350256e-05
-4.886927782705326987e-05
-6.736931206964349452e-05
-7.262313649525967412e-05
-6.300822127485285543e-05
-4.153501140121801079e-05
-1.487470671388986927e-05
8.741896202405386251e-06
2.209306833330880584e-05
2.120104546359018061e-05
6.541886298128716875e-06
-1.713727081704334324e-05
-4.232586603416268301e-05
-6.110399317837810894e-05
-6.760534163284316362e-05
-5.982338420606211991e-05
-4.020501886451669800e-05
-1.485662544542417553e-05
8.380331465982792153e-06
2.237798386550591764e-05
2.293066536589285080e-05
1.003939420641338714e-05
-1.211972610054111980e-05
-3.652356085724620729e-05
-5.550440491624362413e-05
-6.313641193058388168e-05
-5.706352261008948028e-05
-3.920530542315696154e-05
-1.512968558210248227e-05
7.702950518736684094e-06
2.227079187427049683e-05
2.416868798714403381e-05
1.295792141692415596e-05
-7.725629604437517518e-06
-3.132970750627869924e-05
-5.044158457715180891e-05
-5.909679932230486963e-05
-5.462187487655689234e-05
-3.844194190687251223e-05
-1.560962868219695134e-05
6.789587599604643230e-06
2.185250664922273861e-05
2.500151054494305976e-05
1.539081413804020392e-05
-3.856103680169090674e-06
-2.664368832481727156e-05
-4.581801048652723571e-05
-5.539636281493364416e-05
-5.241806801901655163e-05
-3.784413067083716627e-05
-1.623262548621976750e-05
5.701202591813275633e-06
2.118545795975409091e-05
2.549587881670207378e-05
1.741019382018159180e-05
-4.349684019418723740e-07
-2.238831845042020142e-05
-4.155921660554468466e-05
-5.196652028624163786e-05
