-4.628871260576133376e-06
-4.705700450692340427e-06
-4.784629168447833766e-06
-4.865731242233097002e-06
-4.948650369908591497e-06
-5.032802932605351958e-06
-5.117709718448596307e-06
-5.203277110040969278e-06
-5.289872573495162215e-06
-5.378149145863522232e-06
-5.468710411011119439e-06
-5.561796673069415146e-06
-5.657164839688735889e-06
-5.754231566267850717e-06
-5.852406158417710664e-06
-5.951434273172112454e-06
-6.051564163890229430e-06
-6.153440973483897752e-06
-6.257781936869825913e-06
-6.365006492985475702e-06
-6.475023304904427571e-06
-6.587293941057756168e-06
-6.701143502473131992e-06
-6.816152509608029527e-06
-6.932416698320477576e-06
-7.050529812258001812e-06
-7.171293668193488331e-06
-7.295309403550201866e-06
-7.422671846389024272e-06
-7.552936545899347437e-06
-7.685382650203134269e-06
-7.819433020482329330e-06
-7.955004166423949454e-06
-8.092592832277961136e-06
-8.233046877429901720e-06
-8.377140239668198646e-06
-8.525181439690637878e-06
-8.676870955965788320e-06
-8.831490341339660706e-06
-8.988325572210732476e-06
-9.147096866182359752e-06
-9.308159417609407747e-06
-9.472360749536446251e-06
-9.640626561644015000e-06
-9.813497182013086113e-06
-9.990867948247215581e-06
-1.017207972574121357e-05
-1.035631647272010579e-05
-1.054309757092670083e-05
-1.073259673013459116e-05
-1.092560938539062672e-05
-1.112317997765121436e-05
-1.132608724915573006e-05
-1.153446725170580053e-05
-1.174778345065972039e-05
-1.196516684768232224e-05
-1.218594652929234939e-05
-1.241008325729133500e-05
-1.263826652966088709e-05
-1.287161565346519183e-05
-1.311114145887418286e-05
-1.335725951505554566e-05
-1.360962290183629856e-05
-1.386737233594814466e-05
-1.412967434656745904e-05
-1.439625775746427029e-05
-1.466765422520166039e-05
-1.494500539532505931e-05
-1.522953441305286062e-05
-1.552196550234247681e-05
-1.582220918279636805e-05
-1.612949095062212018e-05
-1.644286131685283132e-05
-1.676181468317848358e-05
-1.708667965501398602e-05
-1.741856241285816550e-05
-1.775886584343934349e-05
-1.810864038432846804e-05
-1.846811974620359760e-05
-1.883669999053946741e-05
-1.921338206669508507e-05
-1.959744396907335000e-05
-1.998897817431865992e-05
-2.038899696234606096e-05
-2.079903968625359363e-05
-2.122048815738321261e-05
-2.165396052238232892e-05
-2.209911809472672937e-05
-2.255499941098369009e-05
-2.302070858329921692e-05
-2.349608716191462166e-05
-2.398200055735996984e-05
-2.448007449150749507e-05
-2.499201570981696231e-05
-2.551888210092215421e-05
-2.606070235575213176e-05
-2.661666124738462091e-05
-2.718576028676050426e-05
-2.776760066684365709e-05
-2.836286125345784408e-05
-2.897320339464486491e-05
-2.960064381875552491e-05
-3.024672992300218264e-05
-3.091196702589592618e-05
-3.159581780654533459e-05
-3.229728627120982085e-05
-3.301577771089659935e-05
-3.375176824191701780e-05
-3.450691270129848184e-05
-3.528352077476971704e-05
-3.608367702778448167e-05
-3.690848191252838292e-05
-3.775783417979941867e-05
-3.863088624766131200e-05
-3.952693690884056984e-05
-4.044628048708402419e-05
-4.139054552176568794e-05
-4.236232702591490506e-05
-4.336430075228479809e-05
-4.439829677535878837e-05
-4.546484221821367179e-05
-4.656343579190722092e-05
-4.769341994172403276e-05
-4.885498486313116269e-05
-5.004975620052161574e-05
-5.128063559124724634e-05
-5.255096727732052686e-05
-5.386347655048068618e-05
-5.521956117586903306e-05
-5.661933547091323648e-05
-5.806242130790104935e-05
-5.954906912749911667e-05
-6.108100126847819508e-05
-6.266150946514659897e-05
-6.429473878416145597e-05
-6.598453698414697820e-05
-6.773349636489559369e-05
-6.954272351507023579e-05
-7.141248372813945348e-05
-7.334338850073370507e-05
-7.533748789304081509e-05
-7.739866752238775424e-05
-7.953211963211403990e-05
-8.174316305367836750e-05
-8.403605263041369203e-05
-8.641343989961688314e-05
-8.887680369196159500e-05
-9.142764231308904595e-05
-9.406879431770450112e-05
-9.680516923693028870e-05
-9.964347840717832834e-05
-1.025910985452331385e-04
-1.056546833073620156e-04
-1.088392929981138956e-04
-1.121485462367347697e-04
-1.155857462933714463e-04
-1.191553961187935215e-04
-1.228642875639674109e-04
-1.267215660338721938e-04
-1.307377239843849129e-04
-1.349230688323623721e-04
-1.392865168304609907e-04
-1.438354076771411851e-04
-1.485764896697912415e-04
-1.535175831464292171e-04
-1.586690433243516016e-04
-1.640442331249045431e-04
-1.696587454661935160e-04
-1.755288019885622476e-04
-1.816697249923595204e-04
-1.880953653403867891e-04
-1.948188655217660784e-04
-2.018544091962431693e-04
-2.092190532549292382e-04
-2.169336682753184563e-04
-2.250224807714058014e-04
-2.335114718047686690e-04
-2.424265272854880446e-04
-2.517923961954308238e-04
-2.616330901041361684e-04
-2.719735676503148890e-04
-2.828418181765092747e-04
-2.942701958744290487e-04
-3.062952191360791766e-04
-3.189558555887041041e-04
-3.322911259627325613e-04
-3.463382263033296625e-04
-3.611320687660537349e-04
-3.767063203691817935e-04
-3.930951156204259833e-04
-4.103341318805344253e-04
-4.284599284160354690e-04
-4.475072625763860186e-04
-4.675050706897318498e-04
-4.884723905731094395e-04
-5.104153526296064617e-04
-5.333255176651020488e-04
-5.571787155718633438e-04
-5.819327201842036798e-04
-6.075219953642251513e-04
-6.338483691925803770e-04
-6.607674068927593247e-04
-6.880708119775308298e-04
-7.154648706238326498e-04
-7.425436607167655014e-04
-7.687538426096096394e-04
-7.933459700432098083e-04
-8.153059436586456918e-04
-8.332595821412009524e-04
-8.453428764980828927e-04
-8.490295420246332441e-04
-8.409052520206240691e-04
-8.163741119356093551e-04
-7.692777799286263079e-04
-6.914018528509583827e-04
-5.718384391278046172e-04
-3.961685753909467136e-04
-1.454230915403033797e-04
2.052249209493795272e-04
6.880892583719047271e-04
1.344981796676533205e-03
2.229673112315526829e-03
3.410874604554133688e-03
4.975813935239223676e-03
7.034467522666751002e-03
9.724495065679693989e-03
1.321688868608696804e-02
1.772229985345748909e-02
2.349793660650778201e-02
3.085482689503707410e-02
4.016511665263666764e-02
5.186891114264825103e-02
6.647997746799240437e-02
8.458941438984672601e-02
1.068661817373686845e-01
1.340531955852502510e-01
1.669575778690466916e-01
2.064336501507343380e-01
2.533574353781692934e-01
3.085918298898502887e-01
3.729422667549982529e-01
4.471036172566748568e-01
5.316002314178049915e-01
6.267223058430027027e-01
7.324630333685278050e-01
8.484620312754433957e-01
9.739611390180235029e-01
1.107778618389494873e+00
1.248306943027730265e+00
1.393537707250974700e+00
1.541114834015810287e+00
1.688414476615203386e+00
1.832647155541213380e+00
1.970975165616089209e+00
2.100636514393748211e+00
2.219065890161846522e+00
2.324003522654261022e+00
2.413584221498027205e+00
2.486401116357831675e+00
2.541541320567545004e+00
2.578593494123694096e+00
2.597629722115393669e+00
2.599165975788233052e+00
2.584106540610553449e+00
2.553678168278282090e+00
2.509359437742249455e+00
2.452810064694041170e+00
2.385803875787753991e+00
2.310168046968936739e+00
2.227730140919503388e+00
2.140273565330625072e+00
2.049501363801152998e+00
1.957007759220691145e+00
1.864256582997024347e+00
1.772565612288624637e+00
1.683095861170075036e+00
1.596844985611558743e+00
1.514644122146327598e+00
1.437157647523622961e+00
1.364885492810998135e+00
1.298167754377121730e+00
1.237191412988942529e+00
1.181999008159922315e+00
1.132499130308148860e+00
1.088478599927804158e+00
1.049616207069141938e+00
1.015497884579864785e+00
9.856331769298233292e-01
9.594728325684205306e-01
9.364272838025652357e-01
9.158856835951174613e-01
8.972350528449692941e-01
8.798789734957549458e-01
8.632551672000028375e-01
8.468512517904331904e-01
8.302179884516740493e-01
8.129794304409414529e-01
7.948395550088308559e-01
7.755851858609847937e-01
7.550852658308806475e-01
7.332867853476424669e-01
7.102078803451772337e-01
6.859287595040884922e-01
6.605811925728678480e-01
6.343372889999409070e-01
6.073982302580325232e-01
5.799835084286294462e-01
5.523210889352436759e-01
5.246387763302249319e-01
4.971569338371291669e-01
4.700825993633980238e-01
4.436049571055341034e-01
4.178920649497939177e-01
3.930887015629491166e-01
3.693151801597528427e-01
3.466669746785158157e-01
3.252150143794771409e-01
3.050065202860018920e-01
2.860662769545724848e-01
2.683982518235550896e-01
2.519874890593734595e-01
2.368022142679633846e-01
2.227960912634119883e-01
2.099105741207296649e-01
1.980772992172368796e-01
1.872204646350421609e-01
1.772591488531646553e-01
1.681095266931490195e-01
1.596869468971863493e-01
1.519078413727149302e-01
1.446914404176381785e-01
1.379612713008651070e-01
1.316464201974394954e-01
1.256825406774138842e-01
1.200125965228631408e-01
1.145873329145754987e-01
1.093654777985229448e-01
1.043136839840924091e-01
9.940623159511276230e-02
9.462451926316108042e-02
8.995638031630702469e-02
8.539526652587726974e-02
8.093934600455451878e-02
7.659056290063652461e-02
7.235370415637064345e-02
6.823551285081655426e-02
6.424387923285534985e-02
6.038713072672963200e-02
5.667343245668611529e-02
5.311030148960946967e-02
4.970423177808944853e-02
4.646042275224841062e-02
4.338260216032657074e-02
4.047293239300479850e-02
3.773198860195795673e-02
3.515879626971801786e-02
3.275091568262480934e-02
3.050456129745266962e-02
2.841474540551266331e-02
2.647543757435372874e-02
2.467973356713657612e-02
2.302002919971730260e-02
2.148819549801022494e-02
2.007575156844602568e-02
1.877403119269983531e-02
1.757433889046041559e-02
1.646809153045469820e-02
1.544694262744017096e-02
1.450288795898949101e-02
1.362835255073953367e-02
1.281625993684730978e-02
1.206008472192747136e-02
1.135388905012040678e-02
1.069234308598465341e-02
1.007072949729121217e-02
9.484932423666200818e-03
8.931412381638094075e-03
8.407169584136170784e-03
7.909698781343793214e-03
7.436938701093379241e-03
6.987218556179596203e-03
6.559203252578309391e-03
6.151838316580656406e-03
5.764295438494705832e-03
5.395919873340253303e-03
5.046181427084905045e-03
4.714630970167247789e-03
4.400864074738525256e-03
4.104492485077989444e-03
3.825123018551337267e-03
3.562342609173048836e-03
3.315707896155768719e-03
3.084738088576307376e-03
2.868910551468633469e-03
2.667659228229694000e-03
2.480376262782596312e-03
2.306416887722921583e-03
2.145106987958887365e-03
1.995752121321866992e-03
1.857646552044133403e-03
1.730081183810430918e-03
1.612350017138688280e-03
1.503755531058030516e-03
1.403613812000871876e-03
1.311260125192307332e-03
1.226055043771842254e-03
1.147390557392094371e-03
1.074695169677119654e-03
1.007437099378033062e-03
9.451252761730966545e-04
8.873085660849029752e-04
8.335741813735297054e-04
7.835462566849677509e-04
7.368851055800759893e-04
6.932869731316839475e-04
6.524835550426046852e-04
6.142404573665339153e-04
5.783541719343459914e-04
5.446478187618961639e-04
5.129664880379021996e-04
4.831731845164832458e-04
4.551460444348383728e-04
4.287768396530296840e-04
4.039701580096815344e-04
3.806423854253627873e-04
3.587198474143975702e-04
3.381360592215040058e-04
3.188286556049744471e-04
3.007368809973758159e-04
2.838003484308993267e-04
2.679592142946478502e-04
2.531552692422606187e-04
2.393330616116684246e-04
2.264402526185004796e-04
2.144269030763774691e-04
2.032440354857942830e-04
1.928422541765210929e-04
1.831712052665879459e-04
1.741802229822664836e-04
1.658198799080827762e-04
1.580436793481423204e-04
1.508090578950688784e-04
1.440772415788872077e-04
1.378121143683159393e-04
1.319787796093244061e-04
1.265426425698335466e-04
1.214695394694150339e-04
1.167268531208198989e-04
1.122850069850708196e-04
1.081185149059000193e-04
1.042059970414232415e-04
1.005291243147941757e-04
9.707102343298876419e-05
9.381495388575484184e-05
9.074390840757490587e-05
8.784127889577354243e-05
8.509214881713643419e-05
8.248443556134690976e-05
8.000919273933073382e-05
7.765984315176273291e-05
7.543069591690879029e-05
7.331548972468521414e-05
7.130668921250129079e-05
6.939585380701760874e-05
6.757482104830563811e-05
6.583701286030628507e-05
6.417811687925218842e-05
6.259574365357854222e-05
6.108822271379992560e-05
5.965317043821114472e-05
5.828658651272030543e-05
5.698294875632607697e-05
5.573623614704531460e-05
5.454131087433620025e-05
5.339490195624780548e-05
5.229565537813540106e-05
5.124322585092427689e-05
5.023690532420074968e-05
4.927453183662643132e-05
4.835226642649140396e-05
4.746535258467100040e-05
4.660944024351919822e-05
4.578175317351856926e-05
4.498146761069772348e-05
4.420910048213619168e-05
4.346524265488414666e-05
4.274932490225029981e-05
4.205908223380677816e-05
4.139099998023178646e-05
4.074149168413740337e-05
4.010816391445904203e-05
3.949047964561395373e-05
3.888946127113073435e-05
3.830659622374680829e-05
3.774253889348238807e-05
3.719630950824271234e-05
3.666541770182057611e-05
3.614683562509713523e-05
3.563828607058717454e-05
3.513914365523720484e-05
