1.653735142331117102e-05
1.688982434695332252e-05
1.725043153007090922e-05
1.761958330244190263e-05
1.799849825215234876e-05
1.838879178926273330e-05
1.879185703364899486e-05
1.920837545737240311e-05
1.963823025462512739e-05
2.008087994421152824e-05
2.053599850499891109e-05
2.100403848662303174e-05
2.148640920636271090e-05
2.198516737836942838e-05
2.250238301539512204e-05
2.303952471800329782e-05
2.359720447946615679e-05
2.417543146501105624e-05
2.477424787989997298e-05
2.539440793311033726e-05
2.603773064187207573e-05
2.670692890430722126e-05
2.740500061805699314e-05
2.813450940115141673e-05
2.889714925639414117e-05
2.969383934523388199e-05
3.052530908699574051e-05
3.139286426589910940e-05
3.229891994474112712e-05
3.324700643616514047e-05
3.424123868691422045e-05
3.528553452630530334e-05
3.638301171254821557e-05
3.753590548157257386e-05
3.874607132475750630e-05
4.001582032813182104e-05
4.134864993774297937e-05
4.274948515116084268e-05
4.422430987741176429e-05
4.577940427743801358e-05
4.742062836349019079e-05
4.915317958288282731e-05
5.098200485548600239e-05
5.291269653357367505e-05
5.495243746646085478e-05
5.711052927376461367e-05
5.939826141769931236e-05
6.182823890337648385e-05
6.441358825840967064e-05
6.716753803907699852e-05
7.010367495056230806e-05
7.323681147710903421e-05
7.658406261220815359e-05
8.016560388872253186e-05
8.400474328017137004e-05
8.812730321077844389e-05
9.256068033922322579e-05
9.733312647066476287e-05
1.024736738863166012e-04
1.080127729517018254e-04
1.139833098082980304e-04
1.204214463125695617e-04
1.273668008095391914e-04
1.348618314086764784e-04
1.429507108095789264e-04
1.516782614637604261e-04
1.610894965809278828e-04
1.712299942279674886e-04
1.821468887171635550e-04
1.938899377100028942e-04
2.065120975542389695e-04
2.200693348464971924e-04
2.346198646141423646e-04
2.502233853746727043e-04
2.669409692645645133e-04
2.848360074850388559e-04
3.039761416602497382e-04
3.244356826137497385e-04
3.462978636546337795e-04
3.696564829789746303e-04
3.946169487240544808e-04
4.212971991809926647e-04
4.498291727325412210e-04
4.803613258287630630e-04
5.130622264998261663e-04
5.481247327390457481e-04
5.857699780403708952e-04
6.262504879932807291e-04
6.698521899400209289e-04
7.168956147727973934e-04
7.677369299497903334e-04
8.227693926299230361e-04
8.824253897184642552e-04
9.471786617621947560e-04
1.017545901591947275e-03
1.094086906252921421e-03
1.177402862459382259e-03
1.268132956943909687e-03
1.366950001631800620e-03
1.474555884527739688e-03
1.591677339233934672e-03
1.719061949621731970e-03
1.857473799937093455e-03
2.007688044274066712e-03
2.170484009160703314e-03
2.346637109696003524e-03
2.536910525483749689e-03
2.742047917384430201e-03
2.962768318182036880e-03
3.199763812246840967e-03
3.453700049614939413e-03
3.725219369148443684e-03
4.014946519965629720e-03
4.323497581342962415e-03
4.651493361962541137e-03
4.999578913907585208e-03
5.368450571691865160e-03
5.758891150271906387e-03
6.171812908751345486e-03
6.608307024102306852e-03
7.069697932673625618e-03
7.557601028292322207e-03
8.073982609019567797e-03
8.621221248067604745e-03
9.202169612879569638e-03
9.820215115704907655e-03
1.047933689710189333e-02
1.118415594282765740e-02
1.193997498082859446e-02
1.275280530228385147e-02
1.362937857289873468e-02
1.457714260662231268e-02
1.560424054534925893e-02
1.671947276392654613e-02
1.793224029592820068e-02
1.925246811090969984e-02
2.069050664578723012e-02
2.225701083458464860e-02
2.396279734115373469e-02
2.581868231079660278e-02
2.783530317786846869e-02
3.002292857737677567e-02
3.239126029682561081e-02
3.494923093974618145e-02
3.770480117577416218e-02
4.066476157900945909e-02
4.383454615781096075e-02
4.721806736934423820e-02
5.081758505721488406e-02
5.463362377376068668e-02
5.866495408282097757e-02
6.290865378253993057e-02
6.736026483134754939e-02
7.201406127755373421e-02
7.686344247781978778e-02
8.190146370270096066e-02
8.712151201389219113e-02
9.251812839437038860e-02
9.808796745247233551e-02
1.038308743365631004e-01
1.097510462107213203e-01
1.158582344826463023e-01
1.221689354871665911e-01
1.287075124826519701e-01
1.355071908680868797e-01
1.426108711350952962e-01
1.500717095671453283e-01
1.579534243532668691e-01
1.663302939087020205e-01
1.752868241181451125e-01
1.849170712005195061e-01
1.953236161370507928e-01
2.066161944091604030e-01
2.189099908434447017e-01
2.323236139566610681e-01
2.469767682548106025e-01
2.629876477032117577e-01
2.804700800647803027e-01
2.995304602749339629e-01
3.202645207909134428e-01
3.427539965177914816e-01
3.670632500467403414e-01
3.932359289329707130e-01
4.212917313844127820e-01
4.512233622332210703e-01
4.829937703762230972e-01
5.165337745872963238e-01
5.517402078050589465e-01
5.884747395314542384e-01
6.265635683945341983e-01
6.657982070308977596e-01
7.059376030831444604e-01
7.467118468828318756e-01
7.878277019867215847e-01
8.289761530327877104e-01
8.698420907098610710e-01
9.101161416410643579e-01
9.495085003754527575e-01
9.877644355802773779e-01
1.024680934650321174e+00
1.060123740609422605e+00
1.094043850072260904e+00
1.126492412474724869e+00
1.157632927782336285e+00
1.187749702387243866e+00
1.217251695926044208e+00
1.246671162244860076e+00
1.276656825305135801e+00
1.307961692477920046e+00
1.341425945754675775e+00
1.377955622838375360e+00
1.418497974825192021e+00
1.464014453789676429e+00
1.515452250524431665e+00
1.573715195177359805e+00
1.639634686631247451e+00
1.713941166260078974e+00
1.797236526893562392e+00
1.889967764112139736e+00
1.992402135621481163e+00
2.104604085395683111e+00
2.226414197900181691e+00
2.357430462625071499e+00
2.496992148507706233e+00
2.644166621575222642e+00
2.797739506422689093e+00
2.956208714191692177e+00
3.117783050594533201e+00
3.280386375590652825e+00
3.441668588877774937e+00
3.599025017888462852e+00
3.749626024524372880e+00
3.890458748201945927e+00
4.018382785900593390e+00
4.130201198161936205e+00
4.222747459951731841e+00
4.292987809878293426e+00
4.338136897186927854e+00
4.355782754008155067e+00
4.344015083232562802e+00
4.301548891846308287e+00
4.227833933579672632e+00
4.123139608832101288e+00
3.988605233229587377e+00
3.826247152498349013e+00
3.638917092398308295e+00
3.430210197030377994e+00
3.204325996468393001e+00
2.965890434766793593e+00
2.719751371470700008e+00
2.470762975796873206e+00
2.223575671511411667e+00
1.982447551363783367e+00
1.751090578288148514e+00
1.532560845044198095e+00
1.329197309361036972e+00
1.142608480815829441e+00
9.737021815658254420e-01
8.227502431370146141e-01
6.894781083173562308e-01
5.731688049788409289e-01
4.727714605051214214e-01
3.870061051061633450e-01
3.144585876237648292e-01
2.536616361636149786e-01
2.031601485573914789e-01
1.615605031725939611e-01
1.275649468717433566e-01
9.999293428188514576e-02
7.779170885622410658e-02
6.003851163247958533e-02
4.593666940132094811e-02
3.480753752850984650e-02
2.607992803609423052e-02
1.927829707663103811e-02
1.401063522621795975e-02
9.956719629148045453e-03
6.857156005068860798e-03
4.503458945470196172e-03
2.729284312946023919e-03
1.402830374713576233e-03
4.203578491091325615e-04
-2.992621642818062123e-04
-8.190842118093507457e-04
-1.187825671177648390e-03
-1.442917473573578080e-03
-1.612970847960016251e-03
-1.719751660466200226e-03
-1.779744219052864810e-03
-1.805378196532034631e-03
-1.805984545328438284e-03
-1.788537654798821267e-03
-1.758231029631139846e-03
-1.718923135325774914e-03
-1.673480318268003942e-03
-1.624036431553832959e-03
-1.572184696812983307e-03
-1.519115867185791844e-03
-1.465716418314989139e-03
-1.412639600693913486e-03
-1.360359747738510219e-03
-1.309216416036362461e-03
-1.259450887941744937e-03
-1.211234730584226198e-03
-1.164689380681893996e-03
-1.119896971391378358e-03
-1.076904735579619406e-03
-1.035726852521984482e-03
-9.963475222617230922e-04
-9.587272838198700967e-04
-9.228120307956329304e-04
-8.885421532068126654e-04
-8.558587798496954850e-04
-8.247053834839698522e-04
-7.950252772907816842e-04
-7.667575069294852233e-04
-7.398342526028448690e-04
-7.141817932704846040e-04
-6.897249596039377187e-04
-6.663929862584262991e-04
-6.441238553817222939e-04
-6.228650174574782870e-04
-6.025703153308895185e-04
-5.831949449976373120e-04
-5.646912709620377242e-04
-5.470077605717480135e-04
-5.300915400555529077e-04
-5.138930822126161306e-04
-4.983703946118386895e-04
-4.834903881728217336e-04
-4.692266717420071759e-04
-4.555549661189466125e-04
-4.424485982921353604e-04
-4.298764492681793423e-04
-4.178043586174692435e-04
-4.061991004839232027e-04
-3.950326707867200283e-04
-3.842844986816569314e-04
-3.739403636945367953e-04
-3.639886082610847688e-04
-3.544156939180244555e-04
-3.452034744513258102e-04
-3.363295939307332739e-04
-3.277707055006047823e-04
-3.195066868121815631e-04
-3.115235195926555956e-04
-3.038132629170122172e-04
-2.963711499459031049e-04
-2.891913970361472352e-04
-2.822639893290980191e-04
-2.755741462216479095e-04
-2.691046957250486341e-04
-2.628400100421872127e-04
-2.567693303784772960e-04
-2.508876720370564143e-04
-2.451938376064982075e-04
-2.396866392586324607e-04
-2.343613863689121394e-04
-2.292085237072712665e-04
-2.242151165317981208e-04
-2.193683293350315810e-04
-2.146589779887866380e-04
-2.100832213908656969e-04
-2.056414917126642432e-04
-2.013352692537491212e-04
-1.971634672770506943e-04
-1.931203813472677229e-04
-1.891962867396650074e-04
-1.853803211770796867e-04
-1.816640581687245580e-04
-1.780438223773328878e-04
-1.745205033289681069e-04
-1.710969929939587097e-04
-1.677746575703853600e-04
-1.645507601143037359e-04
-1.614182138561519764e-04
-1.583677689092027711e-04
-1.553914171709971047e-04
-1.524851550227896910e-04
-1.496496122418056640e-04
-1.468882272298794645e-04
-1.442039803255897772e-04
-1.415964663152039708e-04
-1.390608844047982432e-04
-1.365894692320928272e-04
-1.341745599702994928e-04
-1.318116267305555168e-04
-1.295006144678186445e-04
-1.272448924183304400e-04
-1.250484004677531965e-04
-1.229125536533421173e-04
-1.208345810292448880e-04
-1.188081819634852730e-04
-1.168261199797046747e-04
-1.148833295214749439e-04
-1.129788476248645587e-04
-1.111155350564142503e-04
-1.092977579676673031e-04
-1.075283032760509784e-04
-1.058062035421245711e-04
-1.041266390166489477e-04
-1.024829493820321084e-04
-1.008696456992282564e-04
-9.928478210919249372e-05
-9.773040851793879770e-05
-9.621087583756687529e-05
-9.472992968064601854e-05
-9.328817571441406662e-05
-9.188228460232620188e-05
-9.050635083532475767e-05
-8.915465042025974573e-05
-8.782429192188096021e-05
-8.651632620639002134e-05
-8.523472680815283743e-05
-8.398381040783221645e-05
-8.276550633951813602e-05
-8.157795390096877510e-05
-8.041617519596146798e-05
-7.927444168827425309e-05
-7.814903909042969152e-05
-7.703993027647899720e-05
-7.595042459199153294e-05
-7.488504819100736288e-05
-7.384678222637782547e-05
-7.283516854382944951e-05
-7.184630113394082490e-05
-7.087469289132372987e-05
-6.991599228534983235e-05
-6.896907248526436924e-05
-6.803636655043796228e-05
-6.712228033958540666e-05
-6.623055653094113112e-05
-6.536202435422190182e-05
-6.451395005286043535e-05
-6.368132759992172040e-05
-6.285939643042271169e-05
-6.204601402022932215e-05
-6.124259977854163209e-05
-6.045314939005585971e-05
-5.968186686712894176e-05
-5.893070589117668773e-05
-5.819815193530591718e-05
-5.747989556624864507e-05
-5.677101902981914546e-05
-5.606850167949891354e-05
-5.537268552700527004e-05
-5.468691450293798069e-05
-5.401555504730670395e-05
-5.336148050070082551e-05
-5.272438468252178383e-05
-5.210083199139027788e-05
-5.148600520256862902e-05
-5.087619336771365852e-05
-5.027066789443749450e-05
-4.967193498430100019e-05
-4.908423823911283791e-05
-4.851113330795829689e-05
-4.795345358318639121e-05
-4.740876572805963131e-05
-4.687260026079948183e-05
-4.634077966268155017e-05
-4.581157653245593016e-05
-4.528653431080866421e-05
-4.476951442245400006e-05
-4.426449661146613068e-05
-4.377333102579593571e-05
-4.329465934808432573e-05
-4.282458197885172252e-05
-4.235869942043375019e-05
-4.189441427148549949e-05
-4.143224580820258789e-05
-4.097545117052379905e-05
-4.052816819328890208e-05
-4.009309406948615909e-05
-3.966995940450002747e-05
-3.925561923169412895e-05
-3.884570233881708059e-05
-3.843691685343766321e-05
-3.802875989121278177e-05
-3.762370889229052631e-05
-3.722579954274192682e-05
-3.683836934722963511e-05
-3.646219326501701105e-05
-3.609501872510207515e-05
-3.573274401994387656e-05
-3.537159293835302965e-05
-3.501010259007089062e-05
-3.464984901728511901e-05
-3.429452446815530039e-05
-3.394787482995423165e-05
-3.361162017334583805e-05
-3.328448451454786252e-05
-3.296285426950761835e-05
-3.264270023032545486e-05
-3.232171562684646861e-05
-3.200051131947016146e-05
-3.168222578261185786e-05
-3.137076922298337131e-05
-3.106865972019672673e-05
-3.077562519423861285e-05
