-3.777360454943779300e-06
-3.840148959600237320e-06
-3.904454811609630081e-06
-3.970393511108803073e-06
-4.037807899435562631e-06
-4.106361917827205604e-06
-4.175734574716172232e-06
-4.245809664424764555e-06
-4.316757114194951386e-06
-4.388959292969441874e-06
-4.462819763297613155e-06
-4.538557141584741899e-06
-4.616096846876021316e-06
-4.695121965519393938e-06
-4.775258354164387242e-06
-4.856295013186618303e-06
-4.938319552648522724e-06
-5.021692873986290678e-06
-5.106873943040976276e-06
-5.194187942783487535e-06
-5.283663899670972419e-06
-5.375032145343548333e-06
-5.467886011513150305e-06
-5.561922175116790311e-06
-5.657129338805723920e-06
-5.753820824971058072e-06
-5.852490313609012654e-06
-5.953566550527422904e-06
-6.057199673935588741e-06
-6.163196941699768163e-06
-6.271145906104668134e-06
-6.380660995648281561e-06
-6.491620597536515638e-06
-6.604264470779222554e-06
-6.719095493906581299e-06
-6.836636014310547153e-06
-6.957169741265984751e-06
-7.080610479468778549e-06
-7.206572072577945061e-06
-7.334604956150374418e-06
-7.464472711439954912e-06
-7.596317720578102022e-06
-7.730623045175063707e-06
-7.867987686336596815e-06
-8.008835045112538755e-06
-8.153213268878332917e-06
-8.300798718792839790e-06
-8.451104459098449415e-06
-8.603783259752794652e-06
-8.758860718921874369e-06
-8.916769382603682089e-06
-9.078161492694059891e-06
-9.243598995022259769e-06
-9.413288599556983435e-06
-9.587008092592683343e-06
-9.764267924553526664e-06
-9.944623861674146419e-06
-1.012797206471259245e-05
-1.031466445452849575e-05
-1.050537778513211980e-05
-1.070080370453382387e-05
-1.090132654875254926e-05
-1.110686545526904145e-05
-1.131697054656147179e-05
-1.153112523504261060e-05
-1.174909272208753953e-05
-1.197111748753932626e-05
-1.219786857629004787e-05
-1.243015102524728843e-05
-1.266853948794874266e-05
-1.291313370491115964e-05
-1.316357237526650103e-05
-1.341930278238662112e-05
-1.367996313862826488e-05
-1.394567006297485718e-05
-1.421705173948013995e-05
-1.449500384110685658e-05
-1.478029702803968390e-05
-1.507324872593290725e-05
-1.537364067997543164e-05
-1.568093233961656436e-05
-1.599465873540553424e-05
-1.631479811146460909e-05
-1.664190707787525355e-05
-1.697694478088198857e-05
-1.732087680186735122e-05
-1.767427216715219219e-05
-1.803711475712883511e-05
-1.840893698132092495e-05
-1.878920875031174392e-05
-1.917777331290553854e-05
-1.957509175539873467e-05
-1.998215839128100681e-05
-2.040012731727168966e-05
-2.082984981665548862e-05
-2.127157518550727263e-05
-2.172498277150344316e-05
-2.218953442107820924e-05
-2.266496034788455068e-05
-2.315161446166370560e-05
-2.365050168827698333e-05
-2.416295609184301865e-05
-2.469014004740977447e-05
-2.523263644427015448e-05
-2.579036025516658507e-05
-2.636284488579369138e-05
-2.694975391730316188e-05
-2.755134199631760543e-05
-2.816861100821384795e-05
-2.880307001382015231e-05
-2.945622338416916799e-05
-3.012906353870757210e-05
-3.082184785537974423e-05
-3.153428887487847891e-05
-3.226606238471031848e-05
-3.301736125883535902e-05
-3.378919215790752404e-05
-3.458324734424961906e-05
-3.540141407566523756e-05
-3.624518473088531560e-05
-3.711529100343330465e-05
-3.801176911616547572e-05
-3.893443032532239014e-05
-3.988348751253810123e-05
-4.085999753117994173e-05
-4.186587314751602707e-05
-4.290345007192002596e-05
-4.397483921249541758e-05
-4.508141757677925027e-05
-4.622374268898774371e-05
-4.740194854083563486e-05
-4.861641733732555604e-05
-4.986836501057453826e-05
-5.116001809532037229e-05
-5.249427760225555716e-05
-5.387404592598467410e-05
-5.530158254572809147e-05
-5.677824679940043955e-05
-5.830478097402075333e-05
-5.988199286055914699e-05
-6.151147372575715001e-05
-6.319596002714617943e-05
-6.493913482160573920e-05
-6.674496930522605994e-05
-6.861696112334729979e-05
-7.055769164378117005e-05
-7.256895866098393006e-05
-7.465242992635919179e-05
-7.681047459703536885e-05
-7.904672374251322815e-05
-8.136605028571831791e-05
-8.377397226821522362e-05
-8.627580233552478392e-05
-8.887601490403354066e-05
-9.157819438032608109e-05
-9.438561642678321899e-05
-9.730216649995264400e-05
-1.003331069109635515e-04
-1.034852759797149681e-04
-1.067666072265504147e-04
-1.101852306600965896e-04
-1.137486570820341378e-04
-1.174635143940561555e-04
-1.213360127923210406e-04
-1.253729182397714964e-04
-1.295825278375862416e-04
-1.339751277462307931e-04
-1.385626885543665514e-04
-1.433579703238403095e-04
-1.483735426831361511e-04
-1.536212874398692682e-04
-1.591127003505605759e-04
-1.648598751830026492e-04
-1.708766721283955649e-04
-1.771794565719457700e-04
-1.837870148376338146e-04
-1.907196977188016539e-04
-1.979982699869425628e-04
-2.056431165132558401e-04
-2.136742695307993053e-04
-2.221122692119286324e-04
-2.309793939922869823e-04
-2.403005609264385575e-04
-2.501033374782737342e-04
-2.604169564790630750e-04
-2.712707433137153713e-04
-2.826926615993356697e-04
-2.947085870441866159e-04
-3.073424688225983637e-04
-3.206169718518827368e-04
-3.345538216750274635e-04
-3.491731072013623018e-04
-3.644912260583215205e-04
-3.805177504558147623e-04
-3.972519140787122939e-04
-4.146794183186883285e-04
-4.327697974388199499e-04
-4.514738807481191631e-04
-4.707202900354564732e-04
-4.904096951105165912e-04
-5.104057742154762510e-04
-5.305222707550387917e-04
-5.505058158287738559e-04
-5.700139426319791652e-04
-5.885868204919944341e-04
-6.056098401190435684e-04
-6.202626405519853737e-04
-6.314488192864046176e-04
-6.376995161336447560e-04
-6.370430858071000381e-04
-6.268317028428657244e-04
-6.035134762062804295e-04
-5.623352071209414531e-04
-4.969563693956940498e-04
-3.989495900387557610e-04
-2.571573059932157827e-04
-5.686865086945576918e-05
2.212250374257377988e-04
6.023436462526573750e-04
1.119254638766492256e-03
1.814292988585993350e-03
2.741831380776305147e-03
3.971271035740505349e-03
5.590622511507091844e-03
7.710737400808066050e-03
1.047023291918606699e-02
1.404111864461161929e-02
1.863508436248012198e-02
2.451033586683034129e-02
3.197876728421968767e-02
4.141313039018831854e-02
5.325370220393223913e-02
6.801376511210278919e-02
8.628300902044630516e-02
1.087277617280743569e-01
1.360867814014692923e-01
1.691612435353980481e-01
2.087975721252713912e-01
2.558619522077806852e-01
3.112057648729216197e-01
3.756218366130485986e-01
4.497922932844251598e-01
5.342299133319964310e-01
6.292160920138161195e-01
7.347397125532572071e-01
8.504421847072822782e-01
9.755744530550277682e-01
1.108971713264071957e+00
1.249050783544879861e+00
1.393833539614791839e+00
1.540997638272279424e+00
1.687953155917078840e+00
1.831941081671111027e+00
1.970147205348160568e+00
2.099823184387454855e+00
2.218405730008712329e+00
2.323625050160181615e+00
2.413594888571040986e+00
2.486878511292335503e+00
2.542527503093447550e+00
2.580092879002264361e+00
2.599610437288021547e+00
2.601564198456159716e+00
2.586833021442048963e+00
2.556626018177913018e+00
2.512412266482311640e+00
2.455849692713305554e+00
2.388717042378191380e+00
2.312851762304828807e+00
2.230095538044977843e+00
2.142248277921493305e+00
2.051030577028354340e+00
1.958054155543385244e+00
1.864799438952915001e+00
1.772599304721229174e+00
1.682628019826618138e+00
1.595894490933324139e+00
1.513239099453140613e+00
1.435333558964326350e+00
1.362683383501466450e+00
1.295632674781599603e+00
1.234371018765148209e+00
1.178942330743108835e+00
1.129255512482013390e+00
1.085096794603658488e+00
1.046143638678222132e+00
1.011980067224644397e+00
9.821132714552390786e-01
9.559913091208995795e-01
9.330216426218954640e-01
9.125901804809766205e-01
8.940803810830750820e-01
8.768918720530908262e-01
8.604579531245837298e-01
8.442613073197191564e-01
8.278472630122196696e-01
8.108340373681545143e-01
7.929195473008908701e-01
7.738845828001771343e-01
7.535923748509796294e-01
7.319848264099716451e-01
7.090758806444215079e-01
6.849426521439676563e-01
6.597150299917531324e-01
6.335644736176048175e-01
6.066926709606356161e-01
5.793206290902985778e-01
5.516786393687325152e-01
5.239974216831410070e-01
4.965006212587932399e-01
4.693987182342959641e-01
4.428843205491233559e-01
4.171287464061613770e-01
3.922797621946707003e-01
3.684603220320371020e-01
3.457681518433969869e-01
3.242760296291666844e-01
3.040326297190480975e-01
2.850638180802614885e-01
2.673743044701039628e-01
2.509495727795307274e-01
2.357580220490138601e-01
2.217532574941834533e-01
2.088764746882472434e-01
1.970588825404447630e-01
1.862241134481326110e-01
1.762905728814616879e-01
1.671736857480600746e-01
1.587880025997896183e-01
1.510491342779355928e-01
1.438754883565257214e-01
1.371897846355370210e-01
1.309203303610838587e-01
1.250020395084553981e-01
1.193771850445170812e-01
1.139958790069325045e-01
1.088162825307041615e-01
1.038045562956610990e-01
9.893457070505828899e-02
9.418740376631146161e-02
8.955066242249529185e-02
8.501766926257127432e-02
8.058656043250378431e-02
7.625934160673408790e-02
7.204094674823026401e-02
6.793833918678882089e-02
6.395968687235042971e-02
6.011363453319928940e-02
5.640868611993259812e-02
5.285270248482189237e-02
4.945251250389547104e-02
4.621363105797943877e-02
4.314007424996811613e-02
4.023426048989883069e-02
3.749698516248164276e-02
3.492745622122754579e-02
3.252337817312150187e-02
3.028107259981692098e-02
2.819562463896268384e-02
2.626104658709422016e-02
2.447045166377699935e-02
2.281623260032564215e-02
2.129024078831886699e-02
1.988396218371966950e-02
1.858868621650619501e-02
1.739566396759429159e-02
1.629625218441260737e-02
1.528204046158938671e-02
1.434496000412778006e-02
1.347737351892497847e-02
1.267214662330393669e-02
1.192270153892643035e-02
1.122305381168307338e-02
1.056783261266621039e-02
9.952285134901992306e-03
9.372265896121887915e-03
8.824212368738492546e-03
8.305109068611675124e-03
7.812442754528882254e-03
7.344151514526918618e-03
6.898570228760037525e-03
6.474374380005862469e-03
6.070523700055309273e-03
5.686206901648085260e-03
5.320788787781396446e-03
4.973761203243378878e-03
4.644699350870857939e-03
4.333224738726572205e-03
4.038975421420969505e-03
3.761583409539649356e-03
3.500658420373983695e-03
3.255776777992872972e-03
3.026474332215416119e-03
2.812242643418739248e-03
2.612528121785093107e-03
2.426734057617099295e-03
2.254225404224905176e-03
2.094335838990602373e-03
1.946376244904372702e-03
1.809643566766354003e-03
1.683429140305295335e-03
1.567026024065870833e-03
1.459735381347197726e-03
1.360872313515720279e-03
1.269771574934789064e-03
1.185793315870450762e-03
1.108328581459787658e-03
1.036803988807794312e-03
9.706849919694559908e-04
9.094774449061541338e-04
8.527276336031184949e-04
8.000213313345902336e-04
7.509825394955062933e-04
7.052723627428410334e-04
6.625880563298125383e-04
6.226619038577381601e-04
5.852594426562425815e-04
5.501767263823714466e-04
5.172367033596045197e-04
4.862851803863624603e-04
4.571870207778855008e-04
4.298230936457175582e-04
4.040881185540587525e-04
3.798891344908659345e-04
3.571440839170132524e-04
3.357800627484686801e-04
3.157311041674146332e-04
2.969357582543927752e-04
2.793349809452610609e-04
2.628708147238711674e-04
2.474860445872528844e-04
2.331246067024308338e-04
2.197322318661114240e-04
2.072567787875629307e-04
1.956479650119879543e-04
1.848565971262758681e-04
1.748337231396316965e-04
1.655302066321552568e-04
1.568970162773592066e-04
1.488861510578336244e-04
1.414517857627372503e-04
1.345511061639213021e-04
1.281444706264775251e-04
1.221948933511476443e-04
1.166671997173584683e-04
1.115273650357831404e-04
1.067424297780371898e-04
1.022810538141490246e-04
9.811441044949103477e-05
9.421692457454085041e-05
9.056643351189256187e-05
8.714365229775759955e-05
8.393119165730098473e-05
8.091260818708923268e-05
7.807193818319786910e-05
7.539389618923424737e-05
7.286455477312901881e-05
7.047206103897244573e-05
6.820692841352184643e-05
6.606167654364623605e-05
6.402994901291711254e-05
6.210552376116871577e-05
6.028169067222739199e-05
5.855127370410284838e-05
5.690722954524207641e-05
5.534344876904036324e-05
5.385528398579885780e-05
5.243948601289224803e-05
5.109355695221823166e-05
4.981484965015174323e-05
4.859988269768270827e-05
4.744422449871660876e-05
4.634299313688525494e-05
4.529168814281624579e-05
4.428689488050468884e-05
4.332647613355548660e-05
4.240914703149369682e-05
4.153366506501215315e-05
4.069807464850112117e-05
3.989941393812980431e-05
3.913403908813803541e-05
3.839838600064544237e-05
3.768975376909162935e-05
3.700668459739830626e-05
3.634873573935026755e-05
3.571576905536463114e-05
3.510714389334396439e-05
3.452124873280311608e-05
3.395562078840767465e-05
3.340758273351256087e-05
3.287504592123801663e-05
3.235704120794866297e-05
3.185368834186101704e-05
3.136562044121838283e-05
3.089317496904529195e-05
3.043578731247001919e-05
2.999191096918743846e-05
2.955950153641559092e-05
2.913679634307693033e-05
2.872296316635131254e-05
