9.954744209390714582e-01
9.954744209390714582e-01
9.906192905977742047e-01
9.865095288416604324e-01
9.836456314784197685e-01
9.865585123733441320e-01
9.879897791633709403e-01
9.787804749876464205e-01
9.890211808059340415e-01
9.890893602467826229e-01
9.787658744830055602e-01
9.863114256693956694e-01
9.829070519424143448e-01
9.923155002617501941e-01
9.908003455071557886e-01
9.904429826799526770e-01
9.909949152157044860e-01
9.872171660240054436e-01
9.743774773838727032e-01
9.858668803062066166e-01
9.899388046399246743e-01
9.841041382340216526e-01
9.917889444837236779e-01
9.911683453223050222e-01
9.911102654717658389e-01
9.715711470885546319e-01
9.779107721509678885e-01
9.658682858306817387e-01
9.341180981219763257e-01
9.954744209390719023e-01
9.954744209390714582e-01
9.955206967049711198e-01
9.886333507086473293e-01
9.931955419540521302e-01
9.923303836435468650e-01
9.959897316326776773e-01
9.957559547478458395e-01
9.958589826482651119e-01
9.941424412884560802e-01
9.950275269066628514e-01
9.939535823713028240e-01
9.953189502171420067e-01
9.941617946854449661e-01
9.954722256520276424e-01
9.945672753059189297e-01
9.954325013205003181e-01
9.949525597356857487e-01
9.954713509732741050e-01
9.953376595035032803e-01
9.954816642543585781e-01
9.953997042412628948e-01
9.956963028717454867e-01
9.962429505387722095e-01
9.954644615496234250e-01
9.960379438317752410e-01
9.955064737275033382e-01
9.957583956200618536e-01
9.953124536469520889e-01
9.965644217170294139e-01
9.953224706069863092e-01
9.970014638236616156e-01
9.954744209390714582e-01
9.871553207679384379e-01
9.954664000833080006e-01
9.952486189965887853e-01
9.952018294774069851e-01
9.932103404190568696e-01
9.958737589095167930e-01
9.956865269567883869e-01
9.950248797925109745e-01
9.956788544557084730e-01
9.952071280405450082e-01
9.954946354192525382e-01
9.960220432264736967e-01
9.949947290320868554e-01
9.928521862660112385e-01
9.953912411751116851e-01
9.949232312910459841e-01
9.955158299916567755e-01
9.956744166654541983e-01
9.965055471621606653e-01
9.951637996643453166e-01
9.956122953612256410e-01
9.953152642909447456e-01
9.953396838770396382e-01
9.953506394437635629e-01
9.955509680146129581e-01
9.955537055174193961e-01
9.954820509092593417e-01
9.953720648671736670e-01
9.954568169175674885e-01
9.954595192790698377e-01
9.954685891533902042e-01
9.954609067494940566e-01
9.954717587160255565e-01
9.954508473538837832e-01
9.954590405203840309e-01
9.953204453194103296e-01
9.955487117297320276e-01
9.953801652690267288e-01
9.957734627592365051e-01
9.954591593328293575e-01
