7.747990670844748795e-01
6.406703816860365164e-01
5.873432730184374728e-01
2.068125096688596676e-01
1.607152736104200397e-01
3.930957853556658055e-01
1.221276013881870681e-01
1.160561388674318795e-01
3.052674209171386543e-01
1.557367149458246391e-01
2.031945987977687440e-01
5.995711576895473849e-02
8.727199116667266887e-02
9.697901936525998856e-02
9.168235780551736713e-02
1.482690914239364055e-01
3.003306033371156980e-01
1.629165216836228058e-01
1.143212784431779649e-01
1.781207491115485153e-01
8.793687252390886000e-02
9.396651313340631528e-02
9.214146051343685695e-02
2.906559594486006759e-01
2.176578748912806893e-01
3.335287381604283841e-01
