1.351773795232849950e-05
1.380861501859682479e-05
1.410674402061831032e-05
1.441262657985409957e-05
1.472722622177071479e-05
1.505166792876608026e-05
1.538686057248322015e-05
1.573324971275500737e-05
1.609084091414221697e-05
1.645948819079586650e-05
1.683929676390142949e-05
1.723092378111496379e-05
1.763561250488668744e-05
1.805493856170779443e-05
1.849040442167049675e-05
1.894310416627201788e-05
1.941364632910437792e-05
1.990238459683235116e-05
2.040983817869304154e-05
2.093707722707024478e-05
2.148586342838554683e-05
2.205846602029581333e-05
2.265724987296387623e-05
2.328425906152016000e-05
2.394102604758258177e-05
2.462871722778318202e-05
2.534854328718823916e-05
2.610221632802498036e-05
2.689220621889353008e-05
2.772165449225530477e-05
2.859398996732424070e-05
2.951245572085866802e-05
3.047981096545583060e-05
3.149838212271570810e-05
3.257045118242919441e-05
3.369878658247981600e-05
3.488704276961345971e-05
3.613982459072011483e-05
3.746239625792275018e-05
3.886021315449605837e-05
4.033855961238483242e-05
4.190252752600165425e-05
4.355739278145931111e-05
4.530923391128503813e-05
4.716550598725669158e-05
4.913530604228636491e-05
5.122923429641863818e-05
5.345897864990012079e-05
5.583690673437648487e-05
5.837595283079161920e-05
6.108993136789767889e-05
6.399417673130699527e-05
6.710622637299047970e-05
7.044623187908019622e-05
7.403692129609298412e-05
7.790317287881514795e-05
8.207146747876147854e-05
8.656954998111965110e-05
9.142651221709073854e-05
9.667327211197128932e-05
1.023431948666528085e-04
1.084725079503957623e-04
1.151002572997365765e-04
1.222677892627205688e-04
1.300179948399579025e-04
1.383946825990153872e-04
1.474423816958721364e-04
1.572066497657214105e-04
1.677346946849658327e-04
1.790759608526406460e-04
1.912823702809295372e-04
2.044081299645362018e-04
2.185093032761633019e-04
2.336435396293062047e-04
2.498703544167991497e-04
2.672521475668061548e-04
2.858558511603639853e-04
3.057548646640814239e-04
3.270308967834339889e-04
3.497755082029307245e-04
3.740914437274416244e-04
4.000940918746181377e-04
4.279134718739634408e-04
4.576969791821284498e-04
4.896128036958304281e-04
5.238536354597330249e-04
5.606401504223029221e-04
6.002238895546919408e-04
6.428894425569627600e-04
6.889561585355149110e-04
7.387797565184955895e-04
7.927541101778322503e-04
8.513131813556124115e-04
9.149327365615977665e-04
9.841312874396385656e-04
1.059469762999592059e-03
1.141549722349405934e-03
1.231010298729165149e-03
1.328524329943661783e-03
1.434794140443516929e-03
1.550547198627756596e-03
1.676531522385080273e-03
1.813510454737867969e-03
1.962256440824815349e-03
2.123543732286202034e-03
2.298140398079695241e-03
2.486800419291959174e-03
2.690256806696743937e-03
2.909216550738133109e-03
3.144357901934157970e-03
3.396330195173015258e-03
3.665756369658802315e-03
3.953238566226865286e-03
4.259367601965836567e-03
4.584737500062009349e-03
4.929966354796757114e-03
5.295724519609739701e-03
5.682770484968719012e-03
6.091994078534100979e-03
6.524466027852918355e-03
6.981492636461004292e-03
7.464674322917052608e-03
7.975966883374267097e-03
8.517744329802755254e-03
9.092861876161260556e-03
9.704717115463961166e-03
1.035730684376102474e-02
1.105527660438783942e-02
1.180396003519262361e-02
1.260940550872932664e-02
1.347838817449901506e-02
1.441840606214222012e-02
1.543765916258319978e-02
1.654501033392305823e-02
1.774992665831915881e-02
1.906239980820712346e-02
2.049284433034459160e-02
2.205197360292091707e-02
2.375065440390239022e-02
2.559974222533982491e-02
2.760990036395051875e-02
2.979140628041212352e-02
3.215394888270858148e-02
3.470642059990248357e-02
3.745670876483350731e-02
4.041149215986052784e-02
4.357605056743255045e-02
4.695409751414923727e-02
5.054764868617066254e-02
5.435694036812416252e-02
5.838041354428539359e-02
6.261478000576203851e-02
6.705518698106961717e-02
7.169549636042210627e-02
7.652869316801604038e-02
8.154743497937229357e-02
8.674474888742962631e-02
9.211487506379792412e-02
9.765424612832734885e-02
1.033625802200111160e-01
1.092440541174699020e-01
1.153085124268020262e-01
1.215726610067050101e-01
1.280611882658055367e-01
1.348077570343979570e-01
1.418558121906045022e-01
1.492591545914292717e-01
1.570822394333235283e-01
1.654001661809655632e-01
1.742983368585513393e-01
1.838717689991921922e-01
1.942240581939307653e-01
2.054659925232231454e-01
2.177138271561631089e-01
2.310872325121224313e-01
2.457069344042644432e-01
2.616920703918789726e-01
2.791572936999431875e-01
2.982096644499264149e-01
3.189453768872775319e-01
3.414463797757491537e-01
3.657769543800144518e-01
3.919803204908415828e-01
4.200753468581414629e-01
4.500534502100467793e-01
4.818757790982484690e-01
5.154707969345484475e-01
5.507324032373032141e-01
5.875187619143471540e-01
6.256520370994210767e-01
6.649192657788161043e-01
7.050746162382611759e-01
7.458432856202817929e-01
7.869272717189254029e-01
8.280132068091146103e-01
8.687823589873829855e-01
9.089227856157625629e-01
9.481434645641617642e-01
9.861900387361440812e-01
1.022861602122057567e+00
1.058027753253354630e+00
1.091644971968335653e+00
1.123771266928736745e+00
1.154578019415531287e+00
1.184358028785464700e+00
1.213528947341017128e+00
1.242631561608861235e+00
1.272322702591071053e+00
1.303362908910764340e+00
1.336599280745270457e+00
1.372944211386097235e+00
1.413350842158189291e+00
1.458786147142353107e+00
1.510202525922485828e+00
1.568508688640706472e+00
1.634540488809378411e+00
1.709032226402159571e+00
1.792588830688656154e+00
1.885659252018460297e+00
1.988511345711580613e+00
2.101208512452942045e+00
2.223588358526440434e+00
2.355243649730102806e+00
2.495505856619555374e+00
2.643431636424881326e+00
2.797792685074645291e+00
2.957069537493586697e+00
3.119450104137744262e+00
3.282834000327325974e+00
3.444844027011545240e+00
3.602846451766585467e+00
3.753981953903223978e+00
3.895209161495241101e+00
4.023362539157467666e+00
4.135225905555522274e+00
4.227622007508513136e+00
4.297517324737503586e+00
4.342139649739214846e+00
4.359104076102710223e+00
4.346541014730847863e+00
4.303218001971382378e+00
4.228645687761463989e+00
4.123157831453404754e+00
3.987955674244068494e+00
3.825108864573992129e+00
3.637508166845799806e+00
3.428769246477914923e+00
3.203091448481043546e+00
2.965080072936284061e+00
2.719544545037547056e+00
2.471287490955493826e+00
2.224900654670927569e+00
1.984582678340768069e+00
1.753991165279603415e+00
1.536137558562249428e+00
1.333328788642255791e+00
1.147155025914906146e+00
9.785188217125825316e-01
8.276978856300931664e-01
6.944319709430865073e-01
5.780238459923187078e-01
4.774449530261823949e-01
3.914378062143519799e-01
3.186091125767522847e-01
2.575096809876803450e-01
2.066991434135254657e-01
1.647951632380845466e-01
1.305080516498350607e-01
1.026625357548040379e-01
8.020885909531878799e-02
6.222551816989133067e-02
4.791583254667981795e-02
3.660029475053876158e-02
2.770632124512109259e-02
2.075668292433676190e-02
1.535757023538335785e-02
1.118696591632167142e-02
7.983766097447528992e-03
5.537908220952072851e-03
3.681627071140647876e-03
2.281861524790831063e-03
1.233767704195014130e-03
4.552528954798189969e-04
-1.175767513314328197e-04
-5.341684445969157192e-04
-8.325857562693374627e-04
-1.041985297713491927e-03
-1.184600163143243769e-03
-1.277313487836656894e-03
-1.332896245882011447e-03
-1.360974345039707564e-03
-1.368780655508548263e-03
-1.361737782397595079e-03
-1.343907756618455910e-03
-1.318336367007036554e-03
-1.287313447250675296e-03
-1.252566316491038551e-03
-1.215401242497202291e-03
-1.176806232292888993e-03
-1.137526645368007114e-03
-1.098122560532311526e-03
-1.059013713614080946e-03
-1.020514897822557762e-03
-9.828627951287301472e-04
-9.462346937937823063e-04
-9.107602068035261685e-04
-8.765281771883272777e-04
-8.435915613164508744e-04
-8.119726889901705781e-04
-7.816699899569623522e-04
-7.526656708395088524e-04
-7.249327241228585355e-04
-6.984395835592840376e-04
-6.731516829106740617e-04
-6.490305670939004691e-04
-6.260322637546738081e-04
-6.041067708422957891e-04
-5.831996849573022057e-04
-5.632556536998835307e-04
-5.442222185176177592e-04
-5.260523209479602089e-04
-5.087044140030225247e-04
-4.921403664728883458e-04
-4.763224811245214598e-04
-4.612113538131860512e-04
-4.467657719026621324e-04
-4.329446906429458217e-04
-4.197101749142719820e-04
-4.070296736873109562e-04
-3.948763743407476953e-04
-3.832274398537047102e-04
-3.720610781472501465e-04
-3.613540059958275695e-04
-3.510806269059788768e-04
-3.412142898003366173e-04
-3.317298616241799443e-04
-3.226061492128513516e-04
-3.138268140735336409e-04
-3.053792654659668541e-04
-2.972521237915219205e-04
-2.894326138949412865e-04
-2.819052663315173247e-04
-2.746525762227088291e-04
-2.676572005902394893e-04
-2.609044501967202972e-04
-2.543836936686968715e-04
-2.480879040952189626e-04
-2.420115980688674175e-04
-2.361482859530300430e-04
-2.304888018435309648e-04
-2.250213865505808230e-04
-2.197334359906429806e-04
-2.146139278574852888e-04
-2.096551872657454699e-04
-2.048530300539798789e-04
-2.002052154534384137e-04
-1.957090572783227837e-04
-1.913594876736679094e-04
-1.871486055996261831e-04
-1.830669250487787188e-04
-1.791056153745059507e-04
-1.752584988276604063e-04
-1.715227185481423076e-04
-1.678977247464217529e-04
-1.643831424459767955e-04
-1.609766830072378017e-04
-1.576732237800696900e-04
-1.544655341241051938e-04
-1.513462291273254409e-04
-1.483098731168806133e-04
-1.453540873353338886e-04
-1.424790693504046125e-04
-1.396857989587001311e-04
-1.369739134661916626e-04
-1.343404029580061736e-04
-1.317798191310271406e-04
-1.292858641012191597e-04
-1.268534802575008277e-04
-1.244803010727977698e-04
-1.221666816799795222e-04
-1.199143056701657781e-04
-1.177241355285612196e-04
-1.155948211874863153e-04
-1.135224212572472129e-04
-1.115015718501291683e-04
-1.095274529480604574e-04
-1.075974775145729744e-04
-1.057117899640442298e-04
-1.038723147087975394e-04
-1.020808831424729142e-04
-1.003374609653153961e-04
-9.863943317159154804e-05
-9.698232192689352311e-05
-9.536153326848173810e-05
-9.377417566014757450e-05
-9.221996402488862271e-05
-9.070072755480714053e-05
-8.921880011400289655e-05
-8.777517430323305344e-05
-8.636841986100818108e-05
-8.499494392183025871e-05
-8.365043893937466164e-05
-8.233172262511327969e-05
-8.103796944120567340e-05
-7.977067173076677134e-05
-7.853236229180580801e-05
-7.732480039551663611e-05
-7.614760746741636339e-05
-7.499808648092344500e-05
-7.387231191895100900e-05
-7.276688863672978094e-05
-7.168042108790714242e-05
-7.061389949844938110e-05
-6.956980262999333607e-05
-6.855041329084956799e-05
-6.755626471617868004e-05
-6.658555744221436405e-05
-6.563485395709355778e-05
-6.470066419098499460e-05
-6.378105583514693557e-05
-6.287641713696137842e-05
-6.198896565810961740e-05
-6.112127866726378407e-05
-6.027464824880679234e-05
-5.944815278676063042e-05
-5.863894162526405232e-05
-5.784356912088292282e-05
-5.705964745079439065e-05
-5.628692065295477439e-05
-5.552718257676404951e-05
-5.478309166904427697e-05
-5.405653238240957923e-05
-5.334741352462491181e-05
-5.265355071852405961e-05
-5.197168842368213597e-05
-5.129909965839667916e-05
-5.063489291168833765e-05
-4.998032059968059832e-05
-4.933792906104222221e-05
-4.871001842753360742e-05
-4.809725097468391694e-05
-4.749816026440965838e-05
-4.690982038620117989e-05
-4.632930475581849809e-05
-4.575513902100318320e-05
-4.518796132737337045e-05
-4.463003774664567113e-05
-4.408390288445337074e-05
-4.355086750790593226e-05
-4.303020202092413860e-05
-4.251943329535371591e-05
-4.201558666134284030e-05
-4.151669425788758882e-05
-4.102275118660676128e-05
-4.053560526569849326e-05
-4.005784686921907159e-05
-3.959130633961819017e-05
-3.913597498779438835e-05
-3.868993117293749218e-05
-3.825030506164020950e-05
-3.781475308717964024e-05
-3.738264044728414995e-05
-3.695529310612085067e-05
-3.653518852010643510e-05
-3.612452973611736634e-05
-3.572397869532610597e-05
-3.533223361546835326e-05
-3.494667414843577913e-05
-3.456471850454744736e-05
-3.418515336269958664e-05
-3.380871653070556320e-05
-3.343762119701333522e-05
-3.307428556668394248e-05
-3.271996037850468444e-05
-3.237399807171081211e-05
-3.203415560994880742e-05
-3.169776100863365095e-05
-3.136310689489756043e-05
-3.103031513288383088e-05
-3.070120725223746962e-05
-3.037825638657669914e-05
-3.006319338377350946e-05
-2.975602380534199639e-05
-2.945498583391901784e-05
-2.915746669216983923e-05
-2.886137600586679636e-05
-2.856622987632725344e-05
-2.827336012373326846e-05
-2.798514007071787972e-05
-2.770365137775551495e-05
-2.742951686787105820e-05
-2.716153051392831587e-05
-2.689728074530965988e-05
-2.663442427626871260e-05
-2.637191718886675184e-05
-2.611053675930368012e-05
-2.585241506290130131e-05
-2.559984201993955875e-05
-2.535398981466720314e-05
-2.511424989840537175e-05
