3.766977045053200079e+00
3.766977045053200079e+00
4.661573855586957471e+00
6.023913259460085712e+00
7.242211654234903762e+00
8.003091879447335799e+00
7.663656123035345047e+00
1.155343442797204112e+01
8.217669106127218015e+00
8.657404896147289364e+00
1.453008204445021612e+01
1.211950445225997797e+01
1.554282655616139408e+01
8.931160797561027209e+00
1.132246895294829159e+01
1.295717932175534770e+01
1.322754227831863716e+01
1.977855614930394523e+01
2.425841384657125133e+01
2.200980981764774569e+01
1.862614572150920011e+01
2.336917260269966690e+01
1.631598479980709726e+01
1.697869846070725686e+01
1.674875526783105784e+01
2.586670733139331091e+01
2.574165391078922838e+01
2.461157394393541864e+01
1.263459415052960289e+01
1.818022114424101403e+02
3.766977045053200079e+00
3.772084308994367419e+00
1.844217390041318083e+01
1.134393689312485520e+01
6.682355808223316096e+00
3.815673483072794525e+00
4.184590881302357346e+00
3.817183266291330757e+00
3.915972969033029827e+00
3.817545876622905343e+00
3.970605395034551677e+00
3.798082299561310826e+00
4.195371145621756170e+00
3.792191723110665436e+00
4.289775470096802934e+00
3.802653169384355714e+00
4.077493594340239724e+00
3.769967326652833517e+00
3.819983778636554916e+00
3.777345057271029649e+00
3.860590339320507880e+00
3.953349509065542833e+00
4.869698713520877575e+00
3.817434842842425624e+00
4.289187673579349713e+00
3.781364105872772274e+00
3.947034694109511577e+00
3.859437600758084841e+00
5.241584435112482510e+00
4.072904338849621553e+00
5.520848610898374531e+00
3.766977045053200523e+00
4.513105205574987622e+00
3.766263395812157189e+00
6.728905144635289659e+00
3.924040226562041322e+00
6.426778560081011449e+00
4.004466515179620600e+00
3.777620848322077673e+00
3.876587822088887414e+00
3.773662679546780474e+00
3.828888806180891002e+00
3.774853499991751793e+00
4.096628219313664943e+00
3.783815084917718341e+00
3.925056681480679099e+00
3.768421881482219238e+00
3.858507322835440512e+00
3.769104941341300474e+00
3.870666402309622889e+00
4.196454403165891911e+00
3.955097395322891618e+00
3.769171600649009690e+00
3.969694147079076085e+00
3.769386670713588128e+00
3.844718875642630262e+00
3.769578560662392164e+00
3.804990327906589087e+00
3.768361947968835057e+00
3.788522931325410958e+00
3.767747831121286417e+00
3.773504208697273210e+00
3.766888765767394176e+00
3.768009185163563313e+00
3.767109285361228022e+00
3.768427812514712372e+00
3.768106449274778225e+00
3.965991989627519310e+00
3.779650269731794854e+00
3.767896845769779013e+00
3.784024991642508162e+00
3.767238723205368789e+00
