3.314419138960345901e+00
3.314419138960345901e+00
3.723502915364377941e+00
4.674866143626129400e+00
5.606774802076881059e+00
6.658943116781748550e+00
6.462634039372439076e+00
9.431481926736683619e+00
7.119787186720622607e+00
7.566340920825552097e+00
1.240666949275077258e+01
1.075064701919954402e+01
1.383353175040282856e+01
8.162710823736047061e+00
1.040250350366387089e+01
1.200147758975061585e+01
1.232703379988908665e+01
1.850027275170448959e+01
2.169616158495852076e+01
2.059649784826840602e+01
1.762002618550166844e+01
2.177958642610183304e+01
1.549487924817946372e+01
1.609553299293775908e+01
1.585978181500764350e+01
2.302382204024877410e+01
2.353273112588601634e+01
2.119840252700359073e+01
6.046403962727235459e+00
1.813496535363173336e+02
3.314419138960345901e+00
3.324153979491479394e+00
1.730550897127791288e+01
1.066349108853006733e+01
5.915394172578002596e+00
3.414646646340562253e+00
3.760186356086940851e+00
3.403081531117841951e+00
3.330217097878637844e+00
3.320298567289190483e+00
3.365963632164834074e+00
3.329977321275511493e+00
3.611550614166252782e+00
3.339414288313429680e+00
3.746503000688695462e+00
3.345903301434387522e+00
3.572749567908814594e+00
3.317102423980244019e+00
3.353749728986882950e+00
3.325511482706887456e+00
3.400560763446797363e+00
3.522979796240091499e+00
4.493993767398098527e+00
3.363880997804768125e+00
3.892982056756873810e+00
3.332011478623106093e+00
3.522874256115696934e+00
3.390682965453293729e+00
4.898026606815423456e+00
3.605151399548252922e+00
5.220994993264535644e+00
3.314419138960346345e+00
3.228637282368830963e+00
3.312903404142957253e+00
6.253767044294168187e+00
3.444223174302739832e+00
5.747812601986698411e+00
3.591842406131299903e+00
3.346273544000916367e+00
3.379075801339984864e+00
3.341548125117627777e+00
3.349601610235391824e+00
3.324317041917005611e+00
3.698832541961034615e+00
3.283287988126403878e+00
3.210275308081802947e+00
3.307545998993387748e+00
3.350830451940038923e+00
3.320687940506978020e+00
3.438108068855042720e+00
3.847009119381958442e+00
3.471477361757423274e+00
3.330401136771573789e+00
3.501220576173550647e+00
3.303355058417551948e+00
3.379782820018986556e+00
3.324675362123687972e+00
3.360360879648528698e+00
3.316567038894769226e+00
3.325729418042777663e+00
3.313429522878035272e+00
3.319456136604256979e+00
3.313747681106414600e+00
3.314099860112968976e+00
3.314285156963783674e+00
3.313512547903090688e+00
3.314010501313181312e+00
3.498036521568552271e+00
3.334521442704997618e+00
3.305913372672451889e+00
3.361371267566158672e+00
3.313154656488304539e+00
