-1.951018685262771171e-06
-2.010480942404585886e-06
-2.170001458903418631e-06
-2.364355714936652256e-06
-2.508338858856129565e-06
-2.543098422045851000e-06
-2.468905057548878421e-06
-2.346137488934088780e-06
-2.263336583270103384e-06
-2.289215052903757902e-06
-2.434625841616120316e-06
-2.645526245654184864e-06
-2.831381712860347302e-06
-2.914109702951869385e-06
-2.871122575855317955e-06
-2.748763905143654335e-06
-2.638214854574723174e-06
-2.626370521200743913e-06
-2.748141935716241923e-06
-2.966355563592025572e-06
-3.190786460837547048e-06
-3.326626956960584913e-06
-3.326375982701136546e-06
-3.216771450469586427e-06
-3.085536166172057428e-06
-3.034450004525641785e-06
-3.123840394314632769e-06
-3.338756188058093341e-06
-3.595770505509494125e-06
-3.787442525498490258e-06
-3.840771238496727852e-06
-3.757863251865195711e-06
-3.616192603506743128e-06
-3.527556796663781910e-06
-3.577455690943461762e-06
-3.777755357311592306e-06
-4.058829793360512442e-06
-4.306223147718872372e-06
-4.422566777768005505e-06
-4.381284011240139352e-06
-4.242493290590671276e-06
-4.121688842845063422e-06
-4.127486010989136007e-06
-4.301978152472530041e-06
-4.596445695503239217e-06
-4.896390752521872829e-06
-5.083094434016743738e-06
-5.098636011830873315e-06
-4.978798825880567782e-06
-4.835226551789868555e-06
-4.795663657404964203e-06
-4.934254921835146302e-06
-5.229925474865681622e-06
-5.576181008608393065e-06
-5.837917706149540388e-06
-5.924979595090447674e-06
-5.842453758274648463e-06
-5.689695905751629716e-06
-5.607658974586942321e-06
-5.702429462175102214e-06
-5.986443378630501251e-06
-6.369941264182497022e-06
-6.708292425902702229e-06
-6.880295574466562946e-06
-6.855111311698784258e-06
-6.710915215152777866e-06
-6.594132216756879073e-06
-6.640479402363504000e-06
-6.900385834436240708e-06
-7.309765327395994670e-06
-7.723029256333347102e-06
-7.991420896873437335e-06
-8.044580111189214859e-06
-7.930673513301332071e-06
-7.792292857430037513e-06
-7.790110335208332912e-06
-8.015157468542068284e-06
-8.437616672318623120e-06
-8.920911155904319819e-06
-9.294622545936626862e-06
-9.447378367809744382e-06
-9.389148957252625941e-06
-9.248192813533911023e-06
-9.203059061996761762e-06
-9.385683897260065493e-06
-9.808174040178519205e-06
-1.035390276459275996e-05
-1.083905985647488159e-05
-1.111226924477754165e-05
-1.113836976323899337e-05
-1.102008262783298272e-05
-1.094445334375505008e-05
-1.108196787256848815e-05
-1.149276058895127482e-05
-1.209152046562023754e-05
-1.269152128532819263e-05
-1.310519252871075160e-05
-1.324717004739309641e-05
-1.318332103241780293e-05
-1.309775036738879430e-05
-1.319424363697102515e-05
-1.358491789021349173e-05
-1.422694197985008653e-05
-1.494304095423317803e-05
-1.551623737624330412e-05
-1.580833602377027972e-05
-1.583758861195598433e-05
-1.577205660864907741e-05
-1.584057609331535629e-05
-1.620850839933438530e-05
-1.688577575423227687e-05
-1.771836003988469800e-05
-1.846968028817562723e-05
-1.894904045516355621e-05
-1.911758644405765932e-05
-1.911309402267481985e-05
-1.917824846333743058e-05
-1.952976263446474703e-05
-2.023897814450710425e-05
-2.118980096942954183e-05
-2.213875242282375066e-05
-2.284634468959454250e-05
-2.320912975141561989e-05
-2.331986083031850103e-05
-2.342112483959703551e-05
-2.377559265855826173e-05
-2.452237622264868025e-05
-2.559815872453334844e-05
-2.676790715295051547e-05
-2.775073163947727788e-05
-2.837381705950905438e-05
-2.867040230925493890e-05
-2.886664734698189108e-05
-2.926208075277318376e-05
-3.006696177954440991e-05
-3.128504840806286652e-05
-3.270732955465680171e-05
-3.402275198701720511e-05
-3.498773798950709923e-05
-3.556257088359688820e-05
-3.593879051933442103e-05
-3.643993083469061869e-05
-3.734723257786785340e-05
-3.874450743388413719e-05
-4.046805736254375092e-05
-4.219178691910971819e-05
-4.360392634820582782e-05
-4.458025378604676020e-05
-4.525828468354538633e-05
-4.596908500651033488e-05
-4.706073383327471154e-05
-4.870802903330238902e-05
-5.081300733544856957e-05
-5.305345306984444721e-05
-5.505644495720548996e-05
-5.660444960579777115e-05
-5.776111701504457719e-05
-5.884527272603656817e-05
-6.026346528280797794e-05
-6.228974942545439182e-05
-6.491287563462503425e-05
-6.783708611287101939e-05
-7.064025365379225337e-05
-7.300632128774318073e-05
-7.490567969999764922e-05
-7.662237307724655835e-05
-7.860882607100259413e-05
-8.124355734975023593e-05
-8.462311409524146666e-05
-8.850430268592527944e-05
-9.243303174646942710e-05
-9.599392234726101397e-05
-9.904609024222004159e-05
-1.018141682881793018e-04
-1.047798525577112308e-04
-1.084280522084049841e-04
-1.129838951944032641e-04
-1.182860927585350098e-04
-1.238711108962821275e-04
-1.292280665916599512e-04
-1.340883239673805179e-04
-1.385901635653347108e-04
-1.432230532959858369e-04
-1.485752555374570186e-04
-1.550184634381719109e-04
-1.625025568640972031e-04
-1.705781601494842288e-04
-1.786419995609577665e-04
-1.862759158484225870e-04
-1.934937075356583567e-04
-2.007546427116295592e-04
-2.087272554150298878e-04
-2.179254062991223284e-04
-2.284140144523949274e-04
-2.397500179078900959e-04
-2.511987058897894947e-04
-2.621129263745011436e-04
-2.722668695403207269e-04
-2.819528073227142956e-04
-2.917734154355711975e-04
-3.022289336904702430e-04
-3.133158816483589109e-04
-3.243544300174924853e-04
-3.341394913116449124e-04
-3.413290162705240154e-04
-3.448407507602713998e-04
-3.440069363510132720e-04
-3.383522162792629881e-04
-3.270538733045514506e-04
-3.083092360677846698e-04
-2.788770340155269064e-04
-2.339468655521641076e-04
-1.672782144562090371e-04
-7.135077951132572690e-05
6.280773999339197189e-05
2.463558459733552466e-04
4.939578288386346078e-04
8.254948123158843383e-04
1.267882494259157814e-03
1.856809214358341687e-03
2.638453518253414815e-03
3.671503726463239397e-03
5.029935078506873013e-03
6.806919831732056309e-03
9.119986743777428601e-03
1.211724945555266858e-02
1.598436264348059022e-02
2.095195044219277242e-02
2.730356036740139852e-02
3.538457142767728603e-02
4.561270995223460495e-02
5.849072843422199047e-02
7.462133304127452349e-02
9.472368501226144377e-02
1.196498863087552544e-01
1.503988792605500113e-01
1.881241277418850555e-01
2.341302344191475981e-01
2.898523216074467279e-01
3.568108962293002340e-01
4.365347577914402977e-01
5.304462888602022863e-01
6.397080882374159838e-01
7.650376415826594112e-01
9.065067501379465709e-01
1.063352670159851243e+00
1.233835323719460586e+00
1.415176361401227378e+00
1.603609085468804762e+00
1.794553042397603271e+00
1.982905709212749334e+00
2.163420585676530283e+00
2.331121774107294709e+00
2.481694965476322956e+00
2.611796816638980001e+00
2.719239066959030726e+00
2.803027222013264819e+00
2.863260644049992809e+00
2.900925034141174752e+00
2.917624163985137908e+00
2.915302351661200220e+00
2.896002693032169173e+00
2.861691342026794427e+00
2.814159730951750316e+00
2.754999304274225125e+00
2.685630776208078885e+00
2.607363902798278676e+00
2.521464095915123771e+00
2.429207234408781169e+00
2.331911415114059416e+00
2.230941931624366603e+00
2.127691928130235333e+00
2.023545227801434976e+00
1.919829741144436497e+00
1.817769974661881838e+00
1.718445961685185930e+00
1.622763871757494814e+00
1.531441011882312964e+00
1.445005288580040181e+00
1.363806849855667469e+00
1.288037957190388383e+00
1.217756437675334258e+00
1.152908424617685279e+00
1.093347348892055981e+00
1.038847911194285656e+00
9.891155577129877585e-01
9.437933480938643926e-01
9.024687568648765978e-01
8.646828189166209100e-01
8.299432471583387816e-01
7.977419740597242459e-01
7.675762965985969410e-01
7.389717069635944879e-01
7.115037769384148225e-01
6.848162644536260890e-01
6.586329763606911802e-01
6.327618080771693077e-01
6.070906385261006788e-01
5.815761378450436947e-01
5.562277362072688414e-01
5.310897123813935750e-01
5.062244069104432365e-01
4.816989430669041394e-01
4.575767388239323497e-01
4.339138422142692630e-01
4.107590751637860138e-01
3.881563874790009971e-01
3.661477859751742225e-01
3.447756080335656059e-01
3.240835226757500798e-01
3.041162139875664416e-01
2.849180598882387616e-01
2.665312238745287665e-01
2.489935058383916100e-01
2.323361798970936254e-01
2.165819858779803042e-01
2.017434632212937451e-01
1.878218703700993419e-01
1.748069341851164193e-01
1.626775642035012126e-01
1.514034556923214148e-01
1.409472719021532816e-01
1.312669459770957614e-01
1.223176527405074598e-01
1.140531730347838502e-01
1.064266338548548324e-01
9.939084042734799840e-02
9.289852240918353155e-02
8.690276112370083628e-02
8.135769272036227906e-02
7.621939015642446857e-02
7.144671214449571650e-02
6.700191794806163725e-02
6.285096144266746898e-02
5.896352149299596140e-02
5.531291482609993621e-02
5.187602610488276089e-02
4.863329276204646917e-02
4.556866412054470794e-02
4.266939140647039302e-02
3.992554072321914671e-02
3.732924055349674114e-02
3.487381459026827474e-02
3.255303103859260444e-02
3.036067173848178841e-02
2.829049646120143993e-02
2.633651130769849164e-02
2.449332840292730781e-02
2.275638744528543644e-02
2.112190403966014360e-02
1.958656389091746261e-02
1.814711518174003460e-02
1.680005651053472285e-02
1.554155569573761712e-02
1.436760364610276466e-02
1.327428063847762608e-02
1.225795819597114318e-02
1.131530545543387584e-02
1.044308674336573775e-02
9.637860726075208467e-03
8.895752725012046752e-03
8.212437449628696637e-03
7.583358860774972246e-03
7.004087761069512086e-03
6.470644529766166921e-03
5.979633427324679805e-03
5.528135219530126709e-03
5.113431983140574039e-03
4.732723569751210065e-03
4.382994195515264001e-03
4.061101972028615704e-03
3.764041257311798259e-03
3.489234109629791702e-03
3.234692659384297547e-03
2.998965310565682250e-03
2.780896625638675131e-03
2.579329752326384347e-03
2.392908191351792932e-03
2.220076592215682824e-03
2.059270226880820318e-03
1.909180086377383883e-03
1.768940646779090234e-03
1.638131056421413684e-03
1.516583138467086271e-03
1.404094940446881006e-03
1.300199542381076613e-03
1.204108421907851062e-03
1.114854107408689990e-03
1.031549832981821201e-03
9.536223135512988556e-04
8.808903179548586808e-04
8.134466432764434016e-04
7.514078278602462271e-04
6.946666860998232558e-04
6.427797734856622452e-04
5.950476595897375614e-04
5.507412792180884200e-04
5.093494561671205482e-04
4.707128543571233799e-04
4.349726573126389386e-04
4.023633571926525003e-04
3.729631365869354740e-04
3.465371939544721722e-04
3.225578293661298724e-04
3.003887663903078353e-04
2.795325441022786196e-04
2.598066874552174390e-04
2.413541067820156505e-04
2.244836086090147597e-04
2.094281789798814811e-04
1.961522386878940770e-04
1.843113154813827621e-04
1.733842095871536003e-04
1.629043138249788999e-04
1.526638491905579179e-04
1.427805885360362154e-04
1.335919787400197101e-04
1.254351770765342296e-04
1.184326443279954386e-04
1.123988523475735063e-04
1.069171657700888244e-04
1.015435427268495728e-04
9.602554117109741245e-05
9.041783629418200191e-05
8.503245164397530624e-05
8.025181737747537044e-05
7.630671357741724539e-05
7.313930309874374107e-05
7.042447061189025274e-05
6.773650720841613976e-05
6.476972146335470491e-05
6.149316430514289848e-05
5.815626328863591235e-05
5.514345257336600764e-05
5.275755291531294386e-05
5.104955024609250370e-05
4.978640684666899886e-05
4.857318692618724048e-05
4.706221445192152337e-05
4.513544681650744588e-05
4.296161380733636297e-05
4.089815166328932244e-05
3.929212435771358249e-05
3.828854434360549289e-05
3.774969282001259646e-05
3.732824032340694613e-05
3.665347464050463020e-05
3.552907004243796644e-05
3.403532981246730997e-05
3.248127397948627731e-05
3.123354879240478689e-05
3.051556458271318666e-05
3.028570900293077638e-05
3.025994560319724528e-05
3.006555436386866735e-05
2.944192892159945655e-05
2.837947349257803213e-05
2.712187400942821618e-05
2.603143261528241916e-05
2.539123103190623346e-05
2.525156418379256192e-05
2.540341916805289194e-05
2.549249862333637209e-05
2.521116901849128014e-05
2.446397047568733298e-05
2.341730889873407868e-05
2.240718755539405097e-05
2.175580496161174141e-05
2.159682521115968744e-05
2.180380061369703012e-05
2.205982182064011811e-05
2.202982329502586826e-05
2.154167261529219102e-05
2.067800250975981285e-05
1.972964248828613527e-05
1.903669151054013947e-05
1.880390846176848818e-05
1.899046828354232041e-05
1.933329133588884721e-05
1.949052418983756774e-05
1.922681651843897765e-05
1.853988636601489002e-05
1.766022671582386273e-05
1.692485021792255746e-05
1.659412478029213126e-05
1.671114905658774435e-05
1.707952561599901519e-05
1.737088611959653072e-05
1.730324297687329502e-05
1.679324646348383124e-05
1.600009185838806585e-05
1.523791615499630999e-05
1.480482278432373151e-05
1.482152661496952966e-05
1.516689470056407168e-05
1.554474248551073574e-05
1.564502309418958233e-05
1.531166013388201582e-05
1.462614986500886459e-05
1.386213091799499355e-05
