6.523862183893569842e-06
6.931677398987546839e-06
7.307216252305409778e-06
7.518223027510858343e-06
7.521768265570251485e-06
7.389562994810153726e-06
7.270915106662133784e-06
7.312433377228227861e-06
7.577667041263849570e-06
8.010736277885202375e-06
8.464738771316529186e-06
8.780604034852579603e-06
8.874134850765696058e-06
8.783676239708043481e-06
8.651525994843979546e-06
8.648010112760810375e-06
8.878748795603252930e-06
9.325628029276752820e-06
9.854478794378512973e-06
1.028652681034616644e-05
1.049566145357080871e-05
1.047869595002761334e-05
1.035959105534301377e-05
1.032407173050597314e-05
1.051915521374839773e-05
1.097199944047462202e-05
1.157292349224061227e-05
1.213312651200247542e-05
1.248688448966946074e-05
1.258305009659510511e-05
1.251549809697542169e-05
1.247467167634338581e-05
1.264529599829078722e-05
1.310530933424870909e-05
1.378143815150317473e-05
1.448684335200429157e-05
1.502175915531666927e-05
1.528315510651401691e-05
1.532348328370009257e-05
1.532534668230375128e-05
1.550438529821077905e-05
1.599225836838290710e-05
1.676349608314425476e-05
1.764715651880340675e-05
1.841851323537745458e-05
1.892203843502909477e-05
1.915886631065982050e-05
1.929012371944225320e-05
1.955271197179447659e-05
2.013205224432547315e-05
2.106074685741637752e-05
2.219921519325251868e-05
2.331049327509273752e-05
2.418999810155974335e-05
2.478017830032943312e-05
2.520692065125528690e-05
2.571627124281803417e-05
2.654427075019362929e-05
2.779000090973592310e-05
2.936152244081208701e-05
3.102575891787787030e-05
3.253698860834201465e-05
3.377502165206810607e-05
3.481750426154892823e-05
3.590545462610849719e-05
3.731888951649421908e-05
3.922902801978153621e-05
4.160769331315243666e-05
4.424473797869587865e-05
4.686607733600487048e-05
4.928960891678822980e-05
5.153430584590907605e-05
5.382180393560484656e-05
5.646757770240684707e-05
5.971929925370015051e-05
6.363007631397149847e-05
6.803686972672103213e-05
7.265810350992593972e-05
7.725940353488500504e-05
8.179804826748020080e-05
8.646664682358580370e-05
9.161028398206208067e-05
9.756029207357069983e-05
1.044744273321937089e-04
1.122715294340683324e-04
1.206986930080264684e-04
1.294970621733827179e-04
1.385775822906332437e-04
1.481107993321870999e-04
1.584800205002168268e-04
1.701210952964743992e-04
1.833347634554429383e-04
1.981743267732838506e-04
2.144721768496865631e-04
2.319938212054381229e-04
2.506378481117687001e-04
2.705733645232994301e-04
2.922384838387266821e-04
3.161980678803153117e-04
3.429360781556286815e-04
3.726952907532770135e-04
4.054534370667614812e-04
4.410517867656908752e-04
4.794088560745442219e-04
5.207038340139458687e-04
5.654286176665435440e-04
6.142775091985456203e-04
6.679323204523908474e-04
7.268595481602645224e-04
7.912324195580441259e-04
8.610247083958319590e-04
9.362301020250403524e-04
1.017091085476368086e-03
1.104213645295878737e-03
1.198504181429330302e-03
1.300961397159692504e-03
1.412436559436158843e-03
1.533495836258314936e-03
1.664465987437498693e-03
1.805646706717875137e-03
1.957582151868134633e-03
2.121250581095804159e-03
2.298074153090768137e-03
2.489748711216758191e-03
2.697993120241981395e-03
2.924364563879235882e-03
3.170253130083593249e-03
3.437072375013038202e-03
3.726554122575610230e-03
4.040995034214415506e-03
4.383324172976020734e-03
4.756955069160775408e-03
5.165502624154555932e-03
5.612520799226253070e-03
6.101408660018407988e-03
6.635542265147443414e-03
7.218565336097348441e-03
7.854680042465167836e-03
8.548771705501148968e-03
9.306284158121078467e-03
1.013289297081340287e-02
1.103413185474456416e-02
1.201515408699407005e-02
1.308073997051717625e-02
1.423553037440897923e-02
1.548434626369400366e-02
1.683241120000338042e-02
1.828535312823316786e-02
1.984899221018227716e-02
2.152905143800709284e-02
2.333098280134666275e-02
2.526004932259775723e-02
2.732166718250844673e-02
2.952186514570926193e-02
3.186764276497265624e-02
3.436705118793750846e-02
3.702896515327457061e-02
3.986268996641438578e-02
4.287766150747149285e-02
4.608348832039893539e-02
4.949045326202332340e-02
5.311040251724617051e-02
5.695779670556956609e-02
6.105065704321157444e-02
6.541122405212355939e-02
7.006630477915824773e-02
7.504742648264157989e-02
8.039096211093751942e-02
8.613832358712006365e-02
9.233617965360157998e-02
9.903653505659909539e-02
1.062964875012874372e-01
1.141775813898706082e-01
1.227448518659894350e-01
1.320657987181089177e-01
1.422095525163867280e-01
1.532463617021173063e-01
1.652472924425196776e-01
1.782838110608821192e-01
1.924268358099492926e-01
2.077449644164787446e-01
2.243018718451904592e-01
2.421532090515885194e-01
2.613435701243862486e-01
2.819041299149948610e-01
3.038513810203105070e-01
3.271871079149607509e-01
3.518994620410814678e-01
3.779648500200379901e-01
4.053503373677991295e-01
4.340163309408056613e-01
4.639193237663991054e-01
4.950143946606346823e-01
5.272569828538139491e-01
5.606033422387929344e-01
5.950092013267154201e-01
6.304266314654433101e-01
6.667999186891807595e-01
7.040621195667787768e-01
7.421346105509580848e-01
7.809319755298096410e-01
8.203738397244115799e-01
8.604038307787666984e-01
9.010140688011304411e-01
9.422719484960567771e-01
9.843449573245722783e-01
1.027519178847746906e+00
1.072207998850436494e+00
1.118949141389047108e+00
1.168390118099420283e+00
1.221264036022782440e+00
1.278359100815810834e+00
1.340485826846158801e+00
1.408445822603138664e+00
1.483005095077309266e+00
1.564873273063472014e+00
1.654688273162316481e+00
1.753004121477124588e+00
1.860278359179805996e+00
1.976855123703947115e+00
2.102940856954594651e+00
2.238571597262831947e+00
2.383573567108819624e+00
2.537521602391849207e+00
2.699702113051273056e+00
2.869088081390821277e+00
3.044332771732324971e+00
3.223786407399372056e+00
3.405536456705578363e+00
3.587467926557222242e+00
3.767335804430563151e+00
3.942838131214322139e+00
4.111675796063126498e+00
4.271584813840903827e+00
4.420329460531640997e+00
4.555650926888848318e+00
4.675176208939047839e+00
4.776304751158483519e+00
4.856103423238522510e+00
4.911250034819223842e+00
4.938067655186383575e+00
4.932683313816434101e+00
4.891324390812142653e+00
4.810736703978034434e+00
4.688675889725568702e+00
4.524396302176056928e+00
4.319047507549348630e+00
4.075893212242264418e+00
3.800292232923050406e+00
3.499421589548549871e+00
3.181769099026677150e+00
2.856465846784838281e+00
2.532557377291203338e+00
2.218319934923269177e+00
1.920713722817301239e+00
1.645033644441596943e+00
1.394778020928879814e+00
1.171717249672387995e+00
9.761155944312440713e-01
8.070449124355886239e-01
6.627293893949709469e-01
5.408718524980790088e-01
4.389295545759402395e-01
3.543250223363082485e-01
2.845916923042955404e-01
2.274628725586976818e-01
1.809163276909994955e-01
1.431869676774773503e-01
1.127584797054626831e-01
8.834259547742906449e-02
6.885266316670272946e-02
5.337637287390439855e-02
4.115074269944852398e-02
3.154078371588577706e-02
2.402180608638753226e-02
1.816438943292881386e-02
1.362080519584083979e-02
1.011208371091629372e-02
7.415645911923343485e-03
5.354042571877383819e-03
3.785538481029555348e-03
2.596976798647966742e-03
1.698762978564440128e-03
1.021264895889561564e-03
5.117315977186983993e-04
1.310762838404877246e-04
-1.496036026695961101e-04
-3.523837697263688018e-04
-4.951397087026280673e-04
-5.930047092643418684e-04
-6.586696723902646334e-04
-7.019999290615659866e-04
-7.296664156979842985e-04
-7.453513396861290510e-04
-7.506748940273363230e-04
-7.465295132069074257e-04
-7.342484815264161335e-04
-7.161064713898469608e-04
-6.949983111460697948e-04
-6.735689179898117019e-04
-6.533373488490327053e-04
-6.343297619999596496e-04
-6.154340447978741673e-04
-5.952842480700902550e-04
-5.731968360347902171e-04
-5.496632442850202032e-04
-5.261550072037290884e-04
-5.043743733929624161e-04
-4.853776747106220064e-04
-4.690542130606500677e-04
-4.542369368170265202e-04
-4.393714530627479951e-04
-4.233695564522044555e-04
-4.061830785518403901e-04
-3.887965408556512360e-04
-3.726583741015811971e-04
-3.588729313042416129e-04
-3.475965234488634478e-04
-3.379595548595691872e-04
-3.285448633961270582e-04
-3.181511957964664665e-04
-3.064230009193364421e-04
-2.940094428232655475e-04
-2.821772996172573745e-04
-2.720989227369786999e-04
-2.642069944987352728e-04
-2.579632611259732714e-04
-2.521574871629099794e-04
-2.455641492029587264e-04
-2.375948089854137220e-04
-2.285938363472093677e-04
-2.196248105028966193e-04
-2.118729451338930174e-04
-2.059937273553155896e-04
-2.017606003576177245e-04
-1.981963179179058523e-04
-1.941079786357178497e-04
-1.887292906557008168e-04
-1.821211789213470985e-04
-1.751186618044178668e-04
-1.688607090119665754e-04
-1.641643032765525349e-04
-1.610834773319254397e-04
-1.588883314660789639e-04
-1.564682560985839832e-04
-1.529344613450119396e-04
-1.480930484038056421e-04
-1.425351810721141202e-04
-1.373018045693040489e-04
-1.333107864646185367e-04
-1.308596581475166985e-04
-1.294713833329946948e-04
-1.281611781336223631e-04
-1.259738256240177290e-04
-1.224971394669777916e-04
-1.180745403266402502e-04
-1.136063302377565297e-04
-1.100530105884985413e-04
-1.079132628247082539e-04
-1.069589699587950471e-04
-1.063668030759895832e-04
-1.051697362545406060e-04
-1.027801181308054054e-04
-9.930070645297430008e-05
-9.545848061920931388e-05
-9.220204556497855737e-05
-9.018461639736589084e-05
-8.941344076306164779e-05
-8.925292143519763870e-05
-8.877519463808917761e-05
-8.726429396897985192e-05
-8.459952469587695085e-05
-8.131238947883337735e-05
-7.829034338907086491e-05
-7.629179706970082883e-05
-7.553675432437488471e-05
-7.559339832602410779e-05
-7.561838861176596973e-05
-7.481682467006443794e-05
-7.287071842664330187e-05
-7.010476810656014561e-05
-6.730285408800496460e-05
-6.527841058686411680e-05
-6.443365650382431014e-05
-6.454604320870927663e-05
-6.489482741186748834e-05
-6.465561859939203057e-05
-6.334671991400023922e-05
-6.108543890925174588e-05
-5.851785135661144536e-05
-5.646344566903762865e-05
-5.546973709472871204e-05
-5.551855411157955681e-05
-5.604120683053354280e-05
-5.623117253125099535e-05
-5.548223593922220861e-05
-5.371395452154824026e-05
-5.140961899263959050e-05
-4.934903375134376557e-05
-4.818358566791867200e-05
-4.808487804691711853e-05
-4.865618885355541668e-05
-4.915210518661188884e-05
-4.888465058079500099e-05
-4.759455608634036508e-05
-4.558725455166724315e-05
-4.356224864252311601e-05
-4.223094037204087051e-05
-4.193150502774704120e-05
-4.244908770011335898e-05
-4.313670271722201270e-05
-4.326877426524272657e-05
-4.243407516494781390e-05
-4.075522686142519255e-05
-3.881757209947965835e-05
-3.734840126335807361e-05
-3.682215114789483983e-05
-3.720571842423176699e-05
-3.798043983130576105e-05
-3.842652682396349663e-05
-3.801393414147060095e-05
-3.668738341256828542e-05
-3.489225682939601803e-05
-3.332947009679984465e-05
-3.257410030710924091e-05
-3.276513813466274099e-05
-3.353360362883545261e-05
-3.420601744174516878e-05
-3.417100321334889371e-05
-3.320944902777667174e-05
-3.160992191648259600e-05
-3.000855979566847680e-05
-2.904215588682666161e-05
-2.900351412285654131e-05
-2.968549170987940495e-05
-3.049668017456168029e-05
-3.078412444218384098e-05
-3.018696926448944219e-05
-2.882949233836179891e-05
-2.725026786220580645e-05
-2.610769328025866365e-05
-2.582279683983669955e-05
-2.635301630825412789e-05
-2.721840709652699643e-05
-2.776432059880890445e-05
-2.751678072987845744e-05
-2.643764357888544361e-05
-2.494218181156895967e-05
-2.367121167915063227e-05
-2.314272884584609938e-05
-2.347235553050998518e-05
-2.431339182105244647e-05
-2.504743769986924782e-05
-2.512077756512268842e-05
-2.434355096884990711e-05
-2.299007493299703108e-05
-2.164733114626766193e-05
-2.089523552559715598e-05
-2.099278407126791516e-05
-2.173986949359679505e-05
-2.258842488189408346e-05
-2.294117397874913467e-05
-2.247514378396544421e-05
-2.131471808023859793e-05
-1.996151842130754498e-05
-1.902055879474038290e-05
-1.887211836864817401e-05
-1.946723513396500770e-05
-2.035674447645636974e-05
-2.093674039560208786e-05
-2.077632305598449953e-05
-1.984976863045001422e-05
-1.854803749386231307e-05
-1.746469083307494711e-05
-1.707339897844492458e-05
-1.747220891862218015e-05
-1.833259248286692305e-05
-1.907967453918146380e-05
-1.920477496905033542e-05
-1.854035349180842130e-05
-1.734875804210055708e-05
-1.617778769967029602e-05
-1.556254946520872230e-05
-1.573583490123051201e-05
-1.650373212333777875e-05
-1.735289319980308709e-05
-1.773013103188894360e-05
-1.734207003686016586e-05
-1.631254608805951634e-05
-1.511332053042709131e-05
-1.430682280582988011e-05
-1.424117318741542260e-05
-1.486282327625386718e-05
-1.574761604790267294e-05
-1.633231126028404919e-05
-1.622020551979160856e-05
-1.539502448105104746e-05
-1.422777243177826320e-05
-1.327388959974479707e-05
-1.297158992439253699e-05
