-1.919706830151623150e-06
-1.956171452096003349e-06
-1.993282982049722035e-06
-2.031054603890080525e-06
-2.069499822758743142e-06
-2.108632476023896584e-06
-2.148466741869831902e-06
-2.189017148303949806e-06
-2.230298582890932757e-06
-2.272326303947041759e-06
-2.315115951559278938e-06
-2.358683556274261252e-06
-2.403045551914200830e-06
-2.448218786933212917e-06
-2.494220536699327913e-06
-2.541068514910189033e-06
-2.588780888254400221e-06
-2.637376287055221043e-06
-2.686873821402481960e-06
-2.737293094104862436e-06
-2.788654214214070015e-06
-2.840977815136933127e-06
-2.894285067892291305e-06
-2.948597697665926328e-06
-3.003938001025188899e-06
-3.060328862691397879e-06
-3.117793774572310622e-06
-3.176356852199179756e-06
-3.236042856306170271e-06
-3.296877211192803929e-06
-3.358886025193036436e-06
-3.422096113143271817e-06
-3.486535016818655607e-06
-3.552231029704051098e-06
-3.619213218595414075e-06
-3.687511449421949230e-06
-3.757156412460858837e-06
-3.828179647738486954e-06
-3.900613573885649579e-06
-3.974491514630480659e-06
-4.049847730310522161e-06
-4.126717445731807124e-06
-4.205136883398365361e-06
-4.285143296064428920e-06
-4.366774999280329684e-06
-4.450071409248087387e-06
-4.535073076908066917e-06
-4.621821726695389258e-06
-4.710360296942324798e-06
-4.800732978081480789e-06
-4.892985259021310915e-06
-4.987163968475289700e-06
-5.083317320824016771e-06
-5.181494965010824779e-06
-5.281748033542443118e-06
-5.384129194984766076e-06
-5.488692704753904498e-06
-5.595494463734262338e-06
-5.704592074682801970e-06
-5.816044903316519090e-06
-5.929914139955032518e-06
-6.046262865198518584e-06
-6.165156118589747667e-06
-6.286660968691736403e-06
-6.410846586736587368e-06
-6.537784323226416453e-06
-6.667547788746192227e-06
-6.800212935564477727e-06
-6.935858146046234825e-06
-7.074564323136527589e-06
-7.216414983358959740e-06
-7.361496356428116357e-06
-7.509897487315127355e-06
-7.661710344123005376e-06
-7.817029928542295066e-06
-7.975954394560835661e-06
-8.138585168994718941e-06
-8.305027077937635792e-06
-8.475388481388831561e-06
-8.649781412886113017e-06
-8.828321721220638689e-06
-9.011129225463850097e-06
-9.198327873814199707e-06
-9.390045905919358404e-06
-9.586416031209629270e-06
-9.787575608419196322e-06
-9.993666834791177368e-06
-1.020483694725121344e-05
-1.042123843055806016e-05
-1.064302923457812493e-05
-1.087037300600486181e-05
-1.110343932505439868e-05
-1.134240395966984010e-05
-1.158744912827436215e-05
-1.183876377716554099e-05
-1.209654387077170571e-05
-1.236099269696366142e-05
-1.263232118751891699e-05
-1.291074825342532693e-05
-1.319650113952650868e-05
-1.348981579586858127e-05
-1.379093726653767856e-05
-1.410012010351850918e-05
-1.441762879395643358e-05
-1.474373822073506802e-05
-1.507873413576602694e-05
-1.542291366668892280e-05
-1.577658584719048148e-05
-1.614007217655316390e-05
-1.651370720876956232e-05
-1.689783917478550896e-05
-1.729283063926639411e-05
-1.769905919145151215e-05
-1.811691817749548156e-05
-1.854681747130786809e-05
-1.898918429058943561e-05
-1.944446405847816343e-05
-1.991312131537185541e-05
-2.039564068265571192e-05
-2.089252788256791484e-05
-2.140431081947555199e-05
-2.193154072199937247e-05
-2.247479335562593372e-05
-2.303467030949020217e-05
-2.361180035546163840e-05
-2.420684089568416107e-05
-2.482047949727213162e-05
-2.545343552127274768e-05
-2.610646185345432587e-05
-2.678034674674842477e-05
-2.747591577579109654e-05
-2.819403392150744334e-05
-2.893560778736624600e-05
-2.970158796165004209e-05
-3.049297153324606992e-05
-3.131080477495693111e-05
-3.215618600692571804e-05
-3.303026865078435837e-05
-3.393426449433785332e-05
-3.486944717764891508e-05
-3.583715592083755030e-05
-3.683879951492190062e-05
-3.787586058817959549e-05
-3.894990018111588946e-05
-4.006256264709088204e-05
-4.121558090641769283e-05
-4.241078208532897561e-05
-4.365009356962935031e-05
-4.493554950845583069e-05
-4.626929780290792404e-05
-4.765360762491069964e-05
-4.909087750441189950e-05
-5.058364404243379095e-05
-5.213459129123673681e-05
-5.374656086809153000e-05
-5.542256285773127455e-05
-5.716578757869487996e-05
-5.897961827240835335e-05
-6.086764480946992289e-05
-6.283367847644595074e-05
-6.488176794436156195e-05
-6.701621649472272620e-05
-6.924160059776647666e-05
-7.156278992419670877e-05
-7.398496887048479223e-05
-7.651365966442539690e-05
-7.915474710432783328e-05
-8.191450495582246487e-05
-8.479962399644491397e-05
-8.781724165037394913e-05
-9.097497307400871267e-05
-9.428094345312566717e-05
-9.774382112807581497e-05
-1.013728509647237127e-04
-1.051778871291649139e-04
-1.091694240966412663e-04
-1.133586243013525656e-04
-1.177573403239736370e-04
-1.223781288822905003e-04
-1.272342531364892499e-04
-1.323396688986437305e-04
-1.377089892117661335e-04
-1.433574203793676176e-04
-1.493006607330566165e-04
-1.555547511407228041e-04
-1.621358631764330184e-04
-1.690600067748224947e-04
-1.763426337362193315e-04
-1.839981063077865712e-04
-1.920389910223077893e-04
-2.004751269702087686e-04
-2.093124048611498316e-04
-2.185511789905207711e-04
-2.281842189925815923e-04
-2.381940920467969999e-04
-2.485498479305445533e-04
-2.592028555530264170e-04
-2.700816033073181978e-04
-2.810852145007149160e-04
-2.920753252183997751e-04
-3.028658017794647419e-04
-3.132095122617285896e-04
-3.227809870800507218e-04
-3.311532907047821787e-04
-3.377667759897514917e-04
-3.418866121699605152e-04
-3.425450796699820179e-04
-3.384636088894497669e-04
-3.279483689475957801e-04
-3.087517888692407767e-04
-2.778905485136565169e-04
-2.314080776216908175e-04
-1.640661906059935106e-04
-6.894593878359651256e-05
6.306803694844891192e-05
2.439523712731076063e-04
4.893997261552532861e-04
8.199125398639594241e-04
1.262193187205491989e-03
1.850895381933019036e-03
2.630807409223989094e-03
3.659541224246356389e-03
5.010802329970074666e-03
6.778314164441156565e-03
9.080469200636681615e-03
1.206578024514098034e-02
1.591921372551016040e-02
2.086950584408425041e-02
2.719759264590654313e-02
3.524631855017317655e-02
4.543160331912856481e-02
5.825520434322717378e-02
7.431904701438765692e-02
9.434072874146726129e-02
1.191691421643866627e-01
1.497981393807960027e-01
1.873747630625827720e-01
2.331969156941682275e-01
2.886937227511500725e-01
3.553807901955589044e-01
4.347827785653420873e-01
5.283179975009438811e-01
6.371446580824872141e-01
7.619760638255869134e-01
9.028815676415877789e-01
1.059099742276193190e+00
1.228897233155023416e+00
1.409508266915403096e+00
1.597183549231695476e+00
1.787362773345275713e+00
1.974964024992841738e+00
2.154760211139124859e+00
2.321792913269300929e+00
2.471763278014321941e+00
2.601341271145307221e+00
2.708349127175397886e+00
2.791798845016252528e+00
2.851791162636095667e+00
2.889307794751872382e+00
2.905944261616001167e+00
2.903634583045918038e+00
2.884411992656399359e+00
2.850234923320113634e+00
2.802889507400180058e+00
2.743963269517043724e+00
2.674872797936116875e+00
2.596922367699179279e+00
2.511370467693113451e+00
2.419485526481744309e+00
2.322578925415873297e+00
2.222010773739021783e+00
2.119170422203769277e+00
2.015438352870817962e+00
1.912138484077525957e+00
1.810490134663407913e+00
1.711567342757277066e+00
1.616270605047362752e+00
1.525313122958423584e+00
1.439220938234939240e+00
1.358344326374933297e+00
1.282876668803199838e+00
1.212876727375777897e+00
1.148290666512984837e+00
1.088971129268114568e+00
1.034691975260477070e+00
9.851587098265450759e-01
9.400159240399291738e-01
8.988539606969208062e-01
8.612172999223974834e-01
8.266167153130256073e-01
7.945461623271153906e-01
7.645038895449292049e-01
7.360158068791025077e-01
7.086581174541329853e-01
6.820759243351934842e-01
6.559950521059629835e-01
6.302255303144248533e-01
6.046567372850960576e-01
5.792456876583917946e-01
5.540010044640438780e-01
5.289655359671529000e-01
5.042003401780297267e-01
4.797720162157557700e-01
4.557443619067188534e-01
4.321743458209760802e-01
4.091116074083871457e-01
3.866002536087046471e-01
3.646816183005910927e-01
3.433968304882545342e-01
3.227883949575087175e-01
3.029004133754107930e-01
2.837774680909981306e-01
2.654624880716788815e-01
2.479940832453028376e-01
2.314038686648900722e-01
2.157142270920073546e-01
2.009368166523646249e-01
1.870719620482964030e-01
1.741089105675507620e-01
1.620268129191220763e-01
1.507962151156325703e-01
1.403808210923048472e-01
1.307392992397576892e-01
1.218269492336049864e-01
1.135971075623996573e-01
1.060022400947330801e-01
9.899473683281984071e-02
9.252747679319348051e-02
8.655426057254612948e-02
8.103020957326943774e-02
7.591220531992871889e-02
7.115939783900242233e-02
6.673376181045832800e-02
6.260063764422552079e-02
5.872917336089002183e-02
5.509258737068831180e-02
5.166819950923669941e-02
4.843721916079123113e-02
4.538432291098125348e-02
4.249708849105462288e-02
3.976536921768356742e-02
3.718069154594147441e-02
3.473574075329003558e-02
3.242397262211715175e-02
3.023935984604855104e-02
2.817625726164747421e-02
2.622935400471037778e-02
2.439367460519456174e-02
2.266459375820727498e-02
2.103783838513833063e-02
1.950946238620759887e-02
1.807579116255797827e-02
1.673334229156794514e-02
1.547873442130474550e-02
1.430859826460156858e-02
1.321950209267435707e-02
1.220790043419998222e-02
1.127011002512476844e-02
1.040231253774479350e-02
9.600580024812344071e-03
8.860916732630680012e-03
8.179310012477274822e-03
7.551783312204615739e-03
6.974445371179067640e-03
6.443531454905550467e-03
5.955434438481333609e-03
5.506725478921918257e-03
5.094165623347057456e-03
4.714710750129155400e-03
4.365512597625732100e-03
4.043918305333566235e-03
3.747470034278489476e-03
3.473905126651380577e-03
3.221156233495426312e-03
2.987350161202364553e-03
2.770804016589046084e-03
2.570017562163049146e-03
2.383661381975286497e-03
2.210561275373400941e-03
2.049680005291455980e-03
1.900097954807598551e-03
1.760994316160364916e-03
1.631630179015127174e-03
1.511334405472430833e-03
1.399492618335613841e-03
1.295539118773762592e-03
1.198951183615951837e-03
1.109245012980630265e-03
1.025972598603045165e-03
9.487189192491256914e-04
8.770990814652621613e-04
8.107552504801769904e-04
7.493534082450827244e-04
6.925801034160975573e-04
6.401394118804227444e-04
5.917503141485967212e-04
5.471446367589750340e-04
5.060656224592803955e-04
4.682671104252702403e-04
4.335132391408518231e-04
4.015785397562657614e-04
3.722482685552177682e-04
3.453188310532794188e-04
3.205981718677720308e-04
2.979060377416464138e-04
2.770740598667962911e-04
2.579456401387975853e-04
2.403756589187857468e-04
2.242300451031091404e-04
2.093852601811339907e-04
1.957277463657877822e-04
1.831533770602370098e-04
1.715669302875798567e-04
1.608815875688858596e-04
1.510184467701357217e-04
1.419060309220100354e-04
1.334797763348897527e-04
1.256814910689313326e-04
1.184587857397011238e-04
1.117644891584822838e-04
1.055560685956656233e-04
9.979507691336675064e-05
9.444664634962094373e-05
8.947904265287185029e-05
8.486328535055604058e-05
8.057283224820274042e-05
7.658332021070766234e-05
7.287235089646042360e-05
6.941930929836681954e-05
6.620520441396774780e-05
6.321252416114664667e-05
6.042509995438580386e-05
5.782797934980784122e-05
5.540730733649232867e-05
5.315021799782027322e-05
5.104473840560607714e-05
4.907970605379586898e-05
4.724470010316821165e-05
4.552998568103323114e-05
4.392646950492639128e-05
4.242566454335499070e-05
4.101966113015615632e-05
3.970110205674527541e-05
3.846315947452692797e-05
3.729951198244724496e-05
3.620432083125597233e-05
3.517220480323963566e-05
3.419821381060730793e-05
3.327780166899196602e-05
3.240679868393410104e-05
3.158138475282787252e-05
3.079806352353652070e-05
3.005363799593583799e-05
2.934518765108570792e-05
2.867004703412128928e-05
2.802578554950851223e-05
2.741018824375394188e-05
2.682123737266406239e-05
2.625709468037365832e-05
2.571608443879060766e-05
2.519667738240147329e-05
2.469747573995488104e-05
2.421719952485600001e-05
2.375467422201477951e-05
2.330881988827689048e-05
2.287864164472461686e-05
2.246322139361397725e-05
2.206171064440088048e-05
2.167332419212973258e-05
2.129733453892714863e-05
2.093306687781677902e-05
2.057989453453392379e-05
2.023723482253613742e-05
1.990454525362801597e-05
1.958132010280004835e-05
1.926708732117788687e-05
1.896140577330521554e-05
1.866386280019681476e-05
1.837407206900522046e-05
1.809167168828404036e-05
1.781632252834655970e-05
1.754770673616338293e-05
1.728552638053898095e-05
1.702950219790569971e-05
1.677937242426405208e-05
1.653489167948476359e-05
1.629582990179426094e-05
1.606197131908789275e-05
1.583311346351019960e-05
1.560906623229860928e-05
1.538965099956008363e-05
1.517469977052795518e-05
1.496405441250344486e-05
1.475756591881101053e-05
1.455509374165717797e-05
1.435650516989165222e-05
1.416167474229254352e-05
1.397048371626781754e-05
1.378281955967078053e-05
1.359857548639865683e-05
