6.399826469347036489e-06
6.532003276176980670e-06
6.667163767542007753e-06
6.805399296172611000e-06
6.946805653910725795e-06
7.091483406642404124e-06
7.239538258378373397e-06
7.391081442765668308e-06
7.546230150626383568e-06
7.705107986154304938e-06
7.867845471077774316e-06
8.034580578206622435e-06
8.205459322764104265e-06
8.380636390780792365e-06
8.560275819298732077e-06
8.744551721170997090e-06
8.933649053520580798e-06
9.127764434117967583e-06
9.327107000961871989e-06
9.531899322690931588e-06
9.742378363963516563e-06
9.958796525374200779e-06
1.018142276607042173e-05
1.041054383537705458e-05
1.064646563905806413e-05
1.088951476638438194e-05
1.114004020743073480e-05
1.139841528262260242e-05
1.166503981561352314e-05
1.194034255350255094e-05
1.222478386291738533e-05
1.251885871132864661e-05
1.282309994134200712e-05
1.313808188913029515e-05
1.346442437833144179e-05
1.380279716991656377e-05
1.415392498120143376e-05
1.451859317724785574e-05
1.489765429398276299e-05
1.529203550780156213e-05
1.570274718083053620e-05
1.613089253809890956e-05
1.657767849984990920e-05
1.704442763090351171e-05
1.753259113728714840e-05
1.804376281734821445e-05
1.857969391084033069e-05
1.914230883897005068e-05
1.973372190936460894e-05
2.035625512867384276e-05
2.101245733072643832e-05
2.170512477706991190e-05
2.243732335536912129e-05
2.321241235043287280e-05
2.403406958566802872e-05
2.490631760515024003e-05
2.583355044856630687e-05
2.682056059074935893e-05
2.787256572143796709e-05
2.899523530808384566e-05
3.019471721457702077e-05
3.147766510127038785e-05
3.285126774479124389e-05
3.432328185374834494e-05
3.590207024166394895e-05
3.759664737262811014e-05
3.941673418324211157e-05
4.137282372776314692e-05
4.347625862204515447e-05
4.573932045726806573e-05
4.817533067921521010e-05
5.079876193490839278e-05
5.362535895336756781e-05
5.667226882106278355e-05
5.995818210715233302e-05
6.350348859420202176e-05
6.733045400951366674e-05
7.146342653216809554e-05
7.592908333697340098e-05
8.075672724533744789e-05
8.597864132634621857e-05
9.163050494532469070e-05
9.775186883537019208e-05
1.043866804317428507e-04
1.115838454715803793e-04
1.193978092516287300e-04
1.278891421521459926e-04
1.371251191610241868e-04
1.471802911608064400e-04
1.581370544842455460e-04
1.700862318260074849e-04
1.831276792690283918e-04
1.973709294366333045e-04
2.129358697088565343e-04
2.299534392742588122e-04
2.485663133690815298e-04
2.689295317761783758e-04
2.912110255071422298e-04
3.155920029150718941e-04
3.422671747654678796e-04
3.714448253028155796e-04
4.033467699677518938e-04
4.382082758783371456e-04
4.762780534409433576e-04
5.178184509937519683e-04
5.631059932247466397e-04
6.124323929156673353e-04
6.661061307191181152e-04
7.244546399000166819e-04
7.878270589141361064e-04
8.565974381973146543e-04
9.311682285754894952e-04
1.011973859910742218e-03
1.099484259810031526e-03
1.194208273763351820e-03
1.296697124686492118e-03
1.407548266677969423e-03
1.527410200804735999e-03
1.656988971708404359e-03
1.797057092214783026e-03
1.948465501526971348e-03
2.112158835589665433e-03
2.289193806697081227e-03
2.480759936735224894e-03
2.688201389930921191e-03
2.913038347106210266e-03
3.156986368427013370e-03
3.421972550158529532e-03
3.710147936965545960e-03
4.023896445638750624e-03
4.365841258969463574e-03
4.738850024074543754e-03
5.146040072897505036e-03
5.590784244366671547e-03
6.076716858775597745e-03
6.607738241398140346e-03
7.188015243716784457e-03
7.821974768227345221e-03
8.514287558847628487e-03
9.269840514277203833e-03
1.009369741004366612e-02
1.099104996026713937e-02
1.196716333134626928e-02
1.302732221898251358e-02
1.417678507032161389e-02
1.542075460421532193e-02
1.676437209606406256e-02
1.821274069078612778e-02
1.977097926504095896e-02
2.144430343064393507e-02
2.323812496352343701e-02
2.515815647740549457e-02
2.721050597769690549e-02
2.940174735898966676e-02
3.173895877364952406e-02
3.422973103728766536e-02
3.688216163133090780e-02
3.970486396944208213e-02
4.270703296082085237e-02
4.589861263503787481e-02
4.929060627332213645e-02
5.289555233391552563e-02
5.672816141490011344e-02
6.080607488902740193e-02
6.515067208887817540e-02
6.978782908379953243e-02
7.474852641127888164e-02
8.006922012864688132e-02
8.579192874437717442e-02
9.196403977959677345e-02
9.863789056345964590e-02
1.058702135371348135e-01
1.137215451696984431e-01
1.222556752293406657e-01
1.315391645582998092e-01
1.416408978703107557e-01
1.526315810435413256e-01
1.645830567199451366e-01
1.775673090116022257e-01
1.916550609372204561e-01
2.069139321651708163e-01
2.234062094119924624e-01
2.411863743253596093e-01
2.602986198157792863e-01
2.807746510040681209e-01
3.026320958638992753e-01
3.258738279291372164e-01
3.504884170287194678e-01
3.764517707587680673e-01
4.037298213754180742e-01
4.322818812047318215e-01
4.620640836289275355e-01
4.930322056874805181e-01
5.251431893524420857e-01
5.583548808273463004e-01
5.926238974737606524e-01
6.279020730482847146e-01
6.641325375662637809e-01
7.012470267061536866e-01
7.391663270403333597e-01
7.778056912652586696e-01
8.170864965142958791e-01
8.569543657094622624e-01
8.974025645708662013e-01
9.384980074443616260e-01
9.804060322187480025e-01
1.023409615706492026e+00
1.067919147620370213e+00
1.114470280785959666e+00
1.163709463239698705e+00
1.216369034200338151e+00
1.273235629355065957e+00
1.335116573901695691e+00
1.402808680595610591e+00
1.477072496474160834e+00
1.558612960078961329e+00
1.648065236759605812e+00
1.745982792795092831e+00
1.852823978986456011e+00
1.968933680600372549e+00
2.094517843233167476e+00
2.229610604183086764e+00
2.374035965629015088e+00
2.527368058284901409e+00
2.688895708620410829e+00
2.857597902509448673e+00
3.032136510031193222e+00
3.210871038447522086e+00
3.391897123531948832e+00
3.573106171100249639e+00
3.752258635393789454e+00
3.927058859618098197e+00
4.095216419575420375e+00
4.254478685036009011e+00
4.402622704743543558e+00
4.537401803597699512e+00
4.656452935900133205e+00
4.757183420253094042e+00
4.836667792219279782e+00
4.891593984740775447e+00
4.918299465432295570e+00
4.912929558647372907e+00
4.871731010689259733e+00
4.791465836780807841e+00
4.669898799206203321e+00
4.506284238072355564e+00
4.301762776518642362e+00
4.059581992043528764e+00
3.785079308396673614e+00
3.485406146914337366e+00
3.169020645599065933e+00
2.845020211452075731e+00
2.522413924576203836e+00
2.209441712255332035e+00
1.913031739993045210e+00
1.638455042381719018e+00
1.389196306863025976e+00
1.167021959138956788e+00
9.721991594803475190e-01
8.038059357083541245e-01
6.600731552145484571e-01
5.387098773714624755e-01
4.371798396224275685e-01
3.529136209391619539e-01
2.834549446113975302e-01
2.265489440342552674e-01
1.801849051099485843e-01
1.426069268527273837e-01
1.123044361476968900e-01
8.799182855208037557e-02
6.858364538797746823e-02
5.316921408072881883e-02
4.098881713299189211e-02
3.141223008025692542e-02
2.391977109928388606e-02
1.808568185766497305e-02
1.356356458903215656e-02
1.007361960515661126e-02
7.391484236688858865e-03
5.338526818816150855e-03
3.773481754876267802e-03
2.585323511781356491e-03
1.687275374237785959e-03
1.011840953215463555e-03
5.067390880277887000e-04
1.316195092067793098e-04
-1.445612914407782223e-04
-3.456174070145869048e-04
-4.897664598951035394e-04
-5.909070444268794920e-04
-6.596151390667362143e-04
-7.039199059498331716e-04
-7.299066371083950131e-04
-7.421839708906230980e-04
-7.442441062844880719e-04
-7.387384454219657641e-04
-7.276865116960459529e-04
-7.126326397859317425e-04
-6.947623622255210893e-04
-6.749882875530366757e-04
-6.540133834932800472e-04
-6.323778752515442489e-04
-6.104944528489617255e-04
-5.886751908795373120e-04
-5.671525493177600281e-04
-5.460960484860860609e-04
-5.256256700170273705e-04
-5.058226841451162739e-04
-4.867383905258669758e-04
-4.684011370751620020e-04
-4.508219111741913407e-04
-4.339987537359932712e-04
-4.179202136787616524e-04
-4.025680306999139231e-04
-3.879192055074039244e-04
-3.739475889399349767e-04
-3.606250958082597604e-04
-3.479226268936276329e-04
-3.358107638875079616e-04
-3.242602872027156458e-04
-3.132425551916197086e-04
-3.027297747446800391e-04
-2.926951868101416174e-04
-2.831131856327377357e-04
-2.739593867776759107e-04
-2.652106561308456632e-04
-2.568451097147888607e-04
-2.488420922126457092e-04
-2.411821404834975791e-04
-2.338469369830863175e-04
-2.268192568843473557e-04
-2.200829117441256439e-04
-2.136226918210929349e-04
-2.074243085523271870e-04
-2.014743382313375665e-04
-1.957601675884856332e-04
-1.902699417351746687e-04
-1.849925147314398783e-04
-1.799174029167418599e-04
-1.750347410562225355e-04
-1.703352412758374725e-04
-1.658101547156824176e-04
-1.614512358071792941e-04
-1.572507090359309071e-04
-1.532012380520547928e-04
-1.492958969994609007e-04
-1.455281438781431166e-04
-1.418917958393852514e-04
-1.383810062328325301e-04
-1.349902433068611834e-04
-1.317142704136197524e-04
-1.285481276278913044e-04
-1.254871146393980177e-04
-1.225267748666259945e-04
-1.196628806496175950e-04
-1.168914194838717002e-04
-1.142085811841717671e-04
-1.116107459279220746e-04
-1.090944730992082291e-04
-1.066564908878474098e-04
-1.042936865689895939e-04
-1.020030974260651460e-04
-9.978190227278800389e-05
-9.762741351246572970e-05
-9.553706971433896023e-05
-9.350842866307820507e-05
-9.153916084582219490e-05
-8.962704333966792854e-05
-8.776995409392267483e-05
-8.596586655013149054e-05
-8.421284460038851486e-05
-8.250903784478337024e-05
-8.085267713751564619e-05
-7.924207039642838985e-05
-7.767559866261853317e-05
-7.615171238877952798e-05
-7.466892794471612722e-05
-7.322582432663153574e-05
-7.182104004901383092e-05
-7.045327022225780290e-05
-6.912126378536230509e-05
-6.782382090119034408e-05
-6.655979049109961830e-05
-6.532806791198658995e-05
-6.412759275227587004e-05
-6.295734675421248865e-05
-6.181635184389235157e-05
-6.070366827410507134e-05
-5.961839285380151612e-05
-5.855965727993990669e-05
-5.752662655993710328e-05
-5.651849749990479438e-05
-5.553449729396119203e-05
-5.457388216738322441e-05
-5.363593609511981897e-05
-5.271996958632424132e-05
-5.182531853682638428e-05
-5.095134311248961307e-05
-5.009742672933718079e-05
-4.926297504643416058e-05
-4.844741502480178272e-05
-4.765019403797531630e-05
-4.687077900672284066e-05
-4.610865559589471700e-05
-4.536332743477878670e-05
-4.463431538004009687e-05
-4.392115681446876071e-05
-4.322340497684536224e-05
-4.254062832286027609e-05
-4.187240991317478929e-05
-4.121834683768666092e-05
-4.057804965695969323e-05
-3.995114187020710111e-05
-3.933725941702285626e-05
-3.873605018657305373e-05
-3.814717356115194727e-05
-3.757029997416479216e-05
-3.700511048451213253e-05
-3.645129637606644367e-05
-3.590855877932973473e-05
-3.537660828457100969e-05
-3.485516460821148546e-05
-3.434395624040879571e-05
-3.384272013181152856e-05
-3.335120137119409263e-05
-3.286915290500947497e-05
-3.239633523749326199e-05
-3.193251616391206636e-05
-3.147747051377560248e-05
-3.103097989129242190e-05
-3.059283244146814815e-05
-3.016282261655695482e-05
-2.974075095662314213e-05
-2.932642387045562464e-05
-2.891965344669166272e-05
-2.852025723813882491e-05
-2.812805808870078307e-05
-2.774288394823578492e-05
-2.736456769673727298e-05
-2.699294697820555657e-05
-2.662786404509527973e-05
-2.626916559494435821e-05
-2.591670263194055925e-05
-2.557033031782992666e-05
-2.522990783610993523e-05
-2.489529825919819389e-05
-2.456636842979874582e-05
-2.424298882004872590e-05
-2.392503343392430871e-05
-2.361237968000599896e-05
-2.330490827298666696e-05
-2.300250311735582560e-05
-2.270505121154485546e-05
-2.241244255429515955e-05
-2.212457004381384595e-05
-2.184132938788074357e-05
-2.156261902115921963e-05
-2.128834001182413631e-05
-2.101839599447445945e-05
-2.075269307419698220e-05
-2.049113976633692581e-05
-2.023364691115924827e-05
-1.998012761121073738e-05
-1.973049716102021655e-05
-1.948467297894655170e-05
-1.924257454708740988e-05
-1.900412334436745799e-05
-1.876924279680028650e-05
-1.853785821358863362e-05
-1.830989672673323323e-05
-1.808528725050336924e-05
-1.786396041572974139e-05
-1.764584853405588022e-05
-1.743088553861206781e-05
-1.721900693702442322e-05
-1.701014977815484941e-05
-1.680425259136144914e-05
-1.660125536203298457e-05
-1.640109947161159576e-05
-1.620372768047245550e-05
-1.600908406355474058e-05
-1.581711399019218147e-05
-1.562776409282131733e-05
-1.544098221678874937e-05
-1.525671739417841750e-05
-1.507491980816491831e-05
-1.489554076948041922e-05
-1.471853267744716694e-05
-1.454384899113243946e-05
-1.437144420536496564e-05
-1.420127381718768734e-05
-1.403329430109857975e-05
-1.386746308662084628e-05
-1.370373852133628315e-05
-1.354207986345280583e-05
-1.338244724378756905e-05
-1.322480164374266507e-05
-1.306910488276918180e-05
-1.291531958628706152e-05
-1.276340916869715202e-05
